150 150 750
100 97
80 58
60 110
126 42
23 129
10 34
111 45
108 141
123 132
144 140
8 133
141 33
66 121
137 13
145 90
113 87
2 115
30 67
123 91
127 12
146 132
122 114
27 116
94 15
17 140
115 110
17 87
127 84
97 22
59 145
58 119
58 119
42 12
96 56
51 88
78 124
6 137
146 122
7 84
36 68
145 48
98 21
150 70
16 122
28 6
26 105
99 149
145 85
33 71
108 109
143 79
56 88
107 94
100 136
98 144
73 149
17 126
65 131
8 89
105 114
26 130
114 149
92 70
33 70
30 63
135 64
113 22
135 69
5 59
143 48
102 102
95 106
53 21
150 29
101 137
109 113
4 38
150 117
54 142
145 29
17 42
46 21
69 54
68 118
59 125
7 18
131 19
49 46
139 85
131 12
145 58
67 132
80 132
130 145
86 146
146 82
54 62
104 109
57 74
56 20
21 37
20 150
73 116
10 88
133 66
32 54
135 77
149 58
51 101
77 115
30 141
128 22
76 53
39 58
82 74
19 101
48 77
121 68
53 9
126 141
3 73
26 123
95 111
74 44
139 131
131 57
71 32
108 115
47 136
95 63
129 142
33 58
50 59
90 22
86 88
138 16
4 12
134 111
146 42
121 123
64 128
14 45
18 29
149 110
103 70
108 50
116 9
58 149
19 94
139 52
36 88
29 94
48 87
140 144
134 74
104 132
128 33
113 145
128 124
123 27
114 131
119 107
107 68
52 129
138 13
49 131
13 104
140 100
107 68
127 134
148 92
62 52
116 59
126 36
56 4
149 13
72 67
32 53
39 44
133 132
84 3
134 38
127 134
21 95
54 85
128 115
149 121
132 76
32 88
51 109
99 30
147 94
107 37
103 114
74 123
83 43
87 149
50 23
145 83
44 18
99 84
88 133
13 79
98 83
75 110
66 130
116 118
34 58
134 141
49 47
5 61
48 69
66 8
120 87
66 132
47 115
107 9
39 100
5 83
137 34
89 86
57 130
147 20
113 62
119 9
136 82
143 19
72 127
89 18
60 116
90 77
53 137
109 38
97 17
26 131
72 86
52 68
103 5
57 53
138 73
116 48
2 133
60 82
89 84
117 2
126 134
143 36
118 144
149 115
127 109
11 115
27 25
77 23
91 43
107 102
123 98
45 53
38 52
53 32
145 145
54 150
62 38
120 6
36 137
117 122
99 74
127 107
143 108
148 8
137 31
139 43
142 46
84 2
130 144
69 26
68 149
81 92
53 86
131 10
134 74
80 135
47 95
120 139
3 86
144 34
103 111
114 57
147 48
92 39
38 67
63 37
83 75
27 74
143 83
127 136
44 120
84 1
109 70
37 51
148 128
128 138
105 126
58 111
100 109
9 31
87 114
96 7
118 50
78 85
116 41
137 12
140 98
19 78
53 49
122 67
118 132
107 65
75 22
126 129
122 29
21 9
63 4
79 2
53 55
94 66
19 130
147 33
42 53
49 88
108 149
141 129
125 81
4 80
60 83
72 28
37 6
22 145
102 69
105 141
113 51
146 27
64 6
140 108
71 125
142 60
65 116
3 23
115 41
111 144
78 131
130 88
97 109
82 55
93 60
74 59
53 40
150 107
79 77
57 124
100 144
138 65
34 115
79 4
95 147
111 36
11 92
61 65
103 9
45 82
24 28
119 110
139 51
107 28
65 39
33 77
146 59
105 93
83 24
85 14
57 40
106 30
148 138
147 99
2 19
70 66
131 73
141 108
66 64
56 88
14 78
13 113
83 75
84 130
126 105
108 54
17 37
32 59
75 102
51 136
88 67
69 91
60 53
40 40
131 102
128 126
92 102
30 100
22 85
17 127
35 72
101 99
146 3
131 146
13 56
51 4
12 20
50 118
69 72
81 71
33 73
122 50
126 112
65 84
135 144
18 106
111 141
65 63
135 59
1 76
90 67
65 26
111 23
12 146
44 138
44 39
31 8
12 23
38 12
20 53
23 18
86 121
79 130
51 96
71 76
59 117
86 61
150 119
94 119
134 5
147 63
31 25
133 123
35 68
66 87
132 30
139 23
5 7
27 34
54 115
67 84
35 147
141 32
96 147
99 118
128 127
99 27
60 58
93 16
81 83
116 79
76 9
17 14
120 113
48 53
66 81
7 142
65 22
135 137
148 42
145 80
127 56
87 75
91 68
132 130
130 14
89 133
36 131
25 128
119 113
61 102
136 121
31 82
31 108
101 100
130 55
61 22
35 135
36 128
51 149
119 126
52 149
107 137
61 3
113 56
142 109
55 9
129 111
90 71
93 100
44 46
125 129
121 109
126 77
27 56
108 40
135 89
23 117
108 88
13 113
1 104
41 128
66 108
142 129
45 125
16 100
36 98
78 19
142 2
44 56
33 20
121 52
37 122
136 108
93 43
72 21
27 35
111 130
150 20
118 48
135 19
144 89
145 4
91 115
41 40
96 4
33 4
91 12
59 106
125 44
76 8
101 102
43 9
72 72
125 11
83 73
37 131
115 103
63 19
97 69
57 143
18 110
108 70
57 24
62 6
92 27
114 47
73 83
146 96
133 124
42 58
6 70
89 140
75 6
72 78
85 122
142 41
104 73
3 81
70 24
15 90
47 41
13 136
36 108
41 135
56 106
37 52
94 13
16 50
32 121
129 111
134 143
142 129
84 27
136 71
74 57
98 44
1 12
133 53
50 104
62 64
135 45
98 17
22 108
123 18
59 50
12 24
7 108
64 28
2 144
13 15
72 6
102 109
124 93
110 32
27 40
30 115
149 108
98 100
69 113
114 33
38 102
2 92
119 104
95 101
147 28
135 49
79 35
25 137
45 4
20 23
36 110
27 11
10 87
129 32
123 126
10 108
7 64
125 124
143 49
26 104
139 134
32 55
122 40
14 5
67 83
136 68
116 84
100 19
142 26
125 121
71 48
126 144
34 144
71 116
91 65
106 56
144 23
63 119
86 110
34 79
6 109
145 119
137 67
44 92
17 86
71 69
96 6
98 76
107 70
133 146
112 10
135 81
32 137
108 31
40 100
11 32
150 26
73 33
121 86
147 133
45 123
113 26
149 60
27 7
106 142
12 116
19 84
138 76
81 24
27 49
10 57
75 114
64 86
76 59
24 27
12 56
48 28
137 34
141 80
104 134
21 43
111 145
76 43
142 107
41 75
52 41
105 105
98 140
28 57
134 149
27 103
18 127
26 101
20 76
124 143
37 80
15 75
117 43
140 5
13 63
95 58
55 111
108 6
122 69
138 41
103 106
43 129
138 101
56 26
82 129
147 50
67 101
40 75
143 57
15 8
116 9
69 77
41 42
41 113
77 138
72 44
80 112
66 63
137 74
134 82
113 7
34 20
65 142
84 60
70 81
