1500 1500 9000
1477 675
527 50
381 1342
1031 356
854 305
310 1369
648 446
281 393
487 410
145 125
415 576
266 888
1033 1030
116 645
1305 1413
1194 42
1208 133
445 624
1436 785
1211 909
978 1021
1126 1305
907 1417
1387 1122
1197 931
124 1350
1402 650
755 342
1491 917
20 35
755 547
619 941
422 365
1226 1481
941 451
1378 1465
287 196
794 1484
1474 192
216 1244
212 1392
1341 1454
510 1077
608 276
628 1118
275 1431
259 736
1261 1182
427 532
392 903
144 884
1075 207
973 1204
1008 1245
1440 551
1389 40
945 338
220 567
786 276
1086 1071
1352 1341
700 1459
1376 434
1405 43
17 1069
389 1135
981 1135
1070 1392
599 890
15 1037
1149 522
1393 868
1404 924
553 1003
110 1005
296 1310
1202 1141
841 272
678 439
843 778
182 565
83 477
1405 662
476 195
550 1008
78 520
1221 942
1000 791
412 831
196 984
1142 355
662 322
731 86
348 941
338 490
185 1370
858 980
604 836
399 512
660 1140
10 682
674 173
1005 1353
867 1385
1250 1374
1209 807
1314 662
337 505
82 669
827 12
574 851
493 911
910 309
1133 670
263 613
531 1451
646 368
1064 250
427 76
730 234
262 438
760 239
1095 554
1120 701
524 642
800 883
528 837
1099 602
474 1276
486 1433
953 1297
816 133
639 520
1042 1193
465 763
579 503
1475 290
620 1203
1295 1335
1212 366
1421 452
1232 1055
1118 638
1098 1126
710 843
983 478
673 480
679 1437
1157 813
753 1311
1010 363
48 663
1006 627
1298 1410
1264 1193
1028 1154
916 1159
115 352
1314 709
1426 1003
1061 331
476 1088
707 1338
517 1447
507 685
1145 156
630 1034
1013 371
214 1296
743 113
341 856
552 687
3 1229
333 394
1071 222
1160 242
108 966
861 649
1244 1359
89 1347
1274 1316
42 1007
341 565
1073 165
829 1102
181 512
182 868
493 1016
503 727
610 1216
162 1201
751 1246
95 1492
342 23
1254 523
1240 622
261 27
248 1417
180 389
676 375
1361 993
849 194
1439 1497
179 365
1147 791
254 879
121 690
1339 207
493 88
1382 511
663 1098
1453 975
1142 485
470 154
229 300
1287 380
1450 419
799 657
881 1043
220 983
441 89
1188 75
342 1313
1389 1161
539 575
559 389
570 1248
384 1386
23 771
222 762
542 892
1493 1229
521 1083
427 171
54 1202
694 617
898 920
1022 724
1247 330
1217 325
64 764
1155 820
1355 629
750 1240
776 1321
503 725
478 907
307 133
922 1459
1453 529
724 146
553 195
1005 1037
254 1366
1430 177
877 1037
133 1156
1400 1038
951 241
318 236
822 1486
904 818
120 979
256 1296
1245 748
1121 43
1442 251
52 74
807 380
170 652
1090 334
1356 748
994 1262
148 1209
1492 600
1277 726
841 439
886 1107
487 954
1168 1326
725 1013
1127 864
116 985
1059 1268
1416 159
924 467
1012 513
167 1103
1427 647
968 1018
268 151
390 482
1273 1263
1086 1254
436 622
544 240
1339 38
898 98
286 521
675 123
743 621
1169 1167
878 894
1392 324
1499 483
60 376
1473 568
937 685
1301 762
1202 275
1284 194
675 640
1386 1081
232 1307
268 873
639 667
1165 852
705 779
1329 793
346 1090
535 821
1428 517
709 656
1295 806
238 902
399 72
176 833
1001 289
531 1335
1279 1351
1451 1026
348 626
350 808
1392 437
766 730
70 1061
526 1289
980 343
967 1007
891 601
519 312
897 1083
599 445
307 1252
1106 838
468 1064
790 456
1249 354
17 2
330 1063
1372 1169
1307 950
961 244
160 479
1268 530
1414 739
1270 1175
928 745
365 709
25 799
911 1010
1328 69
588 1156
310 135
1123 346
891 386
1407 771
654 596
152 606
875 21
454 1443
1227 814
624 220
771 1198
270 116
1246 1261
1441 1055
1245 181
459 1428
164 1083
216 1067
223 430
959 406
494 1483
71 38
311 985
211 1459
206 781
12 1278
176 462
90 108
622 46
464 1115
1444 1249
214 982
118 432
1159 873
69 1050
760 947
1251 795
389 1128
814 254
201 1319
876 817
600 1454
930 12
1145 1172
805 31
806 1085
509 277
198 532
140 981
1105 133
247 768
1483 1095
1190 989
878 541
982 1133
282 1101
817 912
905 531
96 953
1496 228
276 727
845 519
1236 804
993 427
175 486
850 1471
1139 846
1226 256
1382 144
608 541
1097 750
1281 1211
1315 997
418 47
235 1221
613 1272
83 998
1042 1261
1048 791
129 596
263 664
365 1470
1203 1057
635 503
148 220
461 1431
896 249
1110 523
1200 440
1320 1246
584 364
482 1436
929 904
824 64
839 279
340 1350
1011 202
1251 387
581 1248
985 173
591 762
786 756
299 1149
1370 1319
212 313
751 49
441 1206
730 1268
566 630
740 767
739 1049
1408 1104
1259 1296
1159 321
250 153
1268 560
199 97
1126 675
318 1292
971 1322
1054 1021
1386 900
739 642
1225 744
1310 1095
1494 235
818 756
828 84
687 1250
159 1009
754 1238
1212 390
1485 1133
286 1453
321 1040
1235 559
338 1311
1187 290
430 969
20 964
658 1207
929 1000
522 475
817 664
1284 877
141 222
173 800
1094 545
800 650
774 121
140 1033
837 704
709 852
1447 991
222 1343
701 1208
1102 243
1046 493
49 293
409 646
702 852
97 269
591 1007
1392 463
321 1189
429 144
311 589
1065 528
654 118
913 892
1059 512
1334 1492
1117 1013
77 1063
1437 739
170 461
1416 1479
772 121
1092 331
128 638
1283 249
264 221
529 350
55 1226
998 159
1119 1169
153 847
1177 1020
407 776
241 113
203 705
810 1456
922 1431
330 791
496 375
449 760
275 862
1063 537
1184 1442
335 1416
191 1246
1257 969
723 538
124 896
1137 497
303 767
959 246
475 377
201 1302
363 1279
1438 148
103 84
1020 977
45 852
194 1019
313 497
1268 1404
813 581
235 1283
1174 1140
214 1406
715 87
457 1380
324 1215
1160 423
1062 268
1340 1174
1494 1193
1238 492
1103 1129
1133 25
406 153
1407 1155
993 464
1431 1151
1480 36
782 322
708 1434
269 957
1373 146
383 495
1268 1098
1400 309
1494 913
1089 182
289 712
503 34
517 643
664 1262
1229 119
277 825
372 212
102 1213
827 251
1094 1390
619 1154
879 644
32 1486
799 636
1228 843
731 964
670 1094
1209 1068
1214 1493
999 230
1255 761
843 739
1164 1441
785 1259
408 1031
762 398
1024 1035
1427 533
135 816
722 273
462 195
1177 976
863 971
867 84
757 1286
281 1148
557 1391
1102 835
986 521
640 121
590 1361
947 367
1370 1033
760 90
689 31
1083 1102
66 660
465 585
1007 446
1361 490
598 190
1386 1165
579 260
1166 1198
884 33
1002 122
1038 3
1087 259
1111 115
65 511
342 1099
823 1067
443 376
970 1311
420 1227
1447 786
717 1237
920 620
1119 1197
1135 1239
669 526
304 343
691 285
916 1403
637 419
562 721
1201 134
422 842
1161 1418
729 786
259 360
1249 1483
615 295
1342 1178
886 366
577 640
1065 422
1445 70
967 564
91 335
1259 592
1348 499
1318 913
220 661
968 1450
417 155
155 150
1007 943
730 1444
1453 130
123 1177
1192 347
61 106
697 401
543 459
345 899
174 863
71 382
1471 1143
1144 686
1205 588
331 441
1342 952
696 136
688 1024
947 716
1192 1421
1236 33
771 43
301 627
1066 875
924 1482
1472 1134
317 912
498 441
172 1155
694 1232
414 244
777 707
1386 550
448 163
716 1044
726 1056
536 1350
993 1311
908 993
1446 1256
105 1081
327 734
1188 75
716 1014
731 1108
33 262
1306 589
1452 1078
1387 539
302 717
1314 527
677 486
178 402
618 1328
254 758
508 1309
1008 1056
613 23
1432 486
372 1275
632 271
525 498
328 323
274 570
144 1381
871 135
1348 987
844 613
1052 664
1238 1332
1144 74
1292 1466
1260 383
1116 1097
856 394
599 343
1208 202
790 1116
835 966
1428 1046
790 1477
625 435
1151 1363
608 598
63 473
1021 1469
162 261
1213 481
1079 1429
1319 724
64 1218
1169 423
68 226
1076 792
1159 91
669 1136
1303 515
1342 1022
749 1276
1116 863
568 1053
127 1374
970 1360
1164 587
1012 136
574 560
117 322
1393 1182
1350 127
1264 450
977 668
1362 480
28 767
672 1296
1258 76
346 960
689 316
877 1410
567 470
560 10
22 1106
1062 506
254 1382
680 210
1475 453
588 1182
1205 1451
319 139
1457 1248
69 765
561 582
171 652
907 54
273 507
118 331
922 1238
442 1124
1033 172
1360 99
86 303
871 403
1282 1420
1117 856
1400 60
982 472
1312 494
1082 626
590 640
1170 310
1189 548
941 171
514 378
1081 1469
681 1123
526 1188
262 162
286 382
1137 1189
372 1285
676 1464
342 1153
1278 901
1237 952
469 395
1390 1069
476 216
84 1463
1311 1363
641 751
49 1004
264 385
1013 987
212 1354
1113 663
467 924
779 1063
391 216
1253 364
576 1169
801 678
110 199
1370 785
525 1334
770 748
1483 908
829 881
1319 562
691 1349
612 199
538 531
780 1336
427 176
888 1400
1255 589
948 596
205 164
1152 212
451 818
338 1500
1035 178
1363 1417
921 760
866 1060
199 812
320 1205
740 1497
1187 406
942 924
464 19
870 869
1427 38
327 14
75 351
1451 1411
595 798
1446 205
1217 1110
1417 731
1481 1094
486 922
959 1151
587 918
754 1345
677 446
897 1259
88 1145
1436 77
1460 1051
230 129
527 1496
287 67
1430 603
497 1066
1422 351
977 212
404 808
496 754
292 228
120 261
155 10
65 841
224 647
1500 651
55 68
431 726
506 1384
275 675
899 1455
331 751
1146 1009
674 1087
592 1388
1456 478
1178 1469
1338 814
57 577
1313 1332
1482 153
38 1016
334 965
1000 1430
1435 81
949 762
271 571
326 1035
955 1219
279 354
843 1438
1000 115
29 1375
830 988
407 547
553 1242
599 869
1186 470
1162 1289
238 813
976 130
1092 125
1156 335
736 207
924 563
92 1381
581 481
254 992
1473 939
1076 1228
788 1147
453 85
1021 581
665 1423
382 484
1233 722
649 323
1445 1043
419 392
283 570
757 788
1005 344
1469 370
627 839
1114 538
571 561
1337 674
1389 1194
1010 1168
1467 582
327 667
1325 622
1184 1056
594 24
1495 542
685 882
1014 813
640 676
600 1400
315 1330
996 1358
239 680
966 1407
1129 517
457 753
702 1375
113 426
1270 1361
382 193
763 105
1245 1392
296 265
1436 108
330 24
549 472
642 89
668 861
640 303
1214 343
853 678
718 1210
197 739
475 204
500 803
1072 522
343 1361
253 1014
545 836
41 204
125 732
1457 914
1040 318
1429 186
1339 1464
1242 194
648 1492
297 1346
1017 209
246 726
1047 723
1109 571
862 680
566 302
696 639
1235 288
1464 1221
532 424
1120 447
1363 832
1124 351
746 851
916 1112
502 504
936 305
610 1247
654 1255
797 1425
404 1338
1385 85
897 993
257 1086
868 18
1190 1369
1184 998
722 1013
1182 1442
1345 1414
839 350
325 386
1329 683
998 1271
1443 333
996 786
507 596
282 605
4 804
807 1221
1012 1003
950 687
466 1256
1002 1052
833 503
972 408
1343 74
499 151
1209 876
823 244
1040 1065
1446 747
912 1041
36 1038
97 242
17 905
16 1380
525 118
1064 700
979 956
550 753
1027 1280
354 820
311 871
343 799
1053 519
783 993
279 416
657 749
188 1371
216 1372
1299 222
861 806
1458 379
1024 49
89 1115
1312 8
1161 1000
589 1107
1208 526
712 1405
511 647
606 563
896 1025
1493 1360
1445 1341
140 1113
1430 1292
774 1280
1126 1262
1243 618
285 384
935 1297
555 861
16 988
349 1348
643 784
226 1093
154 1353
788 567
773 543
793 124
447 1091
304 898
44 1270
917 778
825 216
494 467
1216 1147
1117 1389
1023 1115
803 1005
1396 1438
910 1080
355 465
966 112
96 1393
878 1474
1495 468
803 1186
598 25
827 840
62 1095
760 1075
291 386
506 452
1470 244
599 1245
1408 382
22 986
345 359
1488 993
1030 575
1100 34
806 281
270 503
1064 1487
1495 1223
970 870
579 846
678 1431
1455 1337
1001 350
810 212
1206 1273
1283 439
1044 657
194 1223
1244 635
148 782
1106 294
525 1257
1099 1235
250 159
353 1315
471 1479
1395 1437
1207 397
183 478
398 1334
1023 721
657 480
1080 593
134 588
1450 359
10 1490
268 999
920 1180
787 718
591 234
903 376
397 1318
1066 1420
440 79
262 220
597 235
430 1220
931 1329
69 1376
718 674
38 906
602 1439
1084 511
576 993
214 198
71 1053
792 938
963 1491
1434 556
1115 136
681 852
986 1199
23 1074
290 861
686 658
1336 499
139 489
1167 1093
910 239
1399 846
475 905
950 1299
1115 1293
1051 450
783 98
175 91
831 566
325 790
19 529
757 872
449 55
1322 753
1438 1223
590 167
798 151
787 1092
783 10
411 1381
846 1388
584 1147
722 412
842 1145
17 765
1275 152
177 1251
690 1439
896 1078
35 734
541 276
330 157
1016 75
459 1351
468 1070
815 1462
451 233
1158 1406
242 401
525 373
588 734
14 261
6 975
251 1290
1373 1228
1055 1336
995 692
1329 928
91 1190
383 291
1393 367
918 428
1487 334
597 1171
220 1330
392 864
190 445
1456 81
1257 838
1176 216
598 1273
1046 1345
857 1400
716 444
541 1202
631 856
343 704
71 287
487 1184
977 1062
1191 1233
278 1445
696 1274
1263 1245
554 922
374 1329
1264 765
1093 1027
1146 1063
314 820
1085 201
1211 1375
285 565
947 412
77 1094
1243 343
991 501
1419 665
1490 1356
353 1155
906 1409
1461 83
811 428
1114 877
227 1061
1081 1465
1286 380
1092 1298
208 339
370 1418
898 1226
366 1367
1009 1318
333 308
592 1204
53 560
904 775
633 1019
763 1337
423 506
323 1146
94 38
181 1006
1460 674
1371 469
1155 766
1398 594
1153 1168
224 201
498 49
625 610
448 437
865 646
177 1180
208 381
1227 556
862 1359
736 1056
534 213
157 48
594 7
243 1072
128 143
526 131
1121 577
803 908
291 70
732 268
340 1360
1174 1219
598 1232
350 586
329 691
360 554
286 955
658 610
758 945
318 527
14 797
904 972
479 1270
995 990
1365 1088
1255 562
830 820
1075 51
172 1286
140 180
1351 1474
514 1157
663 321
1471 557
226 244
1055 1327
27 963
1176 976
854 1320
1375 983
1110 1387
695 764
217 818
29 254
852 298
798 1493
925 369
194 648
1042 1363
881 958
1151 603
987 378
834 1427
404 753
679 560
515 462
1275 728
470 1476
1500 343
1492 528
680 525
1130 1423
986 167
551 800
138 684
178 583
940 23
1050 833
597 339
82 776
1085 989
1423 588
389 223
1199 1212
700 1458
63 342
1310 227
1286 1197
322 696
33 557
21 1202
1260 178
1105 550
1191 1422
1290 544
1213 1394
777 387
658 252
694 88
138 894
1356 1467
575 879
500 1176
1377 199
1278 1188
1334 1270
214 399
581 617
423 1374
1219 421
1290 1169
552 1101
1366 1283
356 134
1035 1119
1308 1464
1465 559
312 444
899 176
59 513
93 1324
304 791
436 1368
423 542
437 158
266 349
521 1476
1014 687
588 860
375 1160
1288 547
1359 512
1289 65
814 201
395 770
1004 551
1204 699
1403 1469
157 1288
1253 1028
312 611
1027 155
604 1047
744 778
300 370
561 728
1481 453
493 280
1167 313
368 925
1212 927
440 809
1250 841
1097 556
1207 749
976 1342
767 147
175 1434
789 71
1407 1024
1113 1393
258 550
1258 837
577 739
148 651
642 740
594 727
1288 131
211 355
1132 703
247 393
702 870
698 104
749 103
1340 816
84 1155
1144 434
256 1227
199 1022
1498 1312
267 304
450 1071
1365 690
1138 733
1216 1000
528 1186
794 1465
817 399
1398 1174
223 678
683 9
1149 853
104 976
833 1110
519 630
779 725
953 695
1354 1226
465 683
908 919
789 808
1043 662
2 1349
1267 852
366 647
1430 1265
1217 1488
144 1492
357 1023
125 520
128 1287
1117 649
1469 1364
503 1288
1158 767
1017 1149
844 1227
247 151
848 964
1150 591
483 1089
493 1427
1401 1027
1380 434
968 656
498 636
320 1390
1349 1388
1151 1407
768 958
1271 63
1297 171
1331 62
120 1144
640 1052
1113 1267
216 1055
694 430
1377 1071
1093 1046
528 1310
1302 855
221 1031
1432 1177
368 1489
1498 1235
702 904
1484 634
1302 384
168 758
961 883
812 1488
1485 501
1498 894
391 904
984 971
1198 1073
961 617
1269 341
1241 854
771 433
577 1256
913 173
863 1224
1444 1445
305 804
133 770
688 186
1119 240
376 460
801 569
447 191
1045 317
705 1289
397 230
159 1102
1328 759
1356 436
497 20
1384 586
1469 801
1251 239
1439 817
123 1200
761 119
830 1456
709 1067
1288 305
654 1235
155 339
1013 1032
909 753
352 520
988 1340
562 1103
605 208
890 49
216 550
1146 927
1151 1364
1428 158
1457 1441
1200 1430
290 925
160 414
666 44
1209 1183
476 983
899 1487
924 467
348 1175
1061 551
650 1216
413 522
1036 209
1482 97
107 1374
484 1492
618 646
1157 699
223 466
232 800
741 1385
1253 152
811 364
486 138
727 1435
16 33
1013 1471
789 327
1407 391
862 263
655 742
573 28
11 1223
109 218
1020 1455
1186 674
1121 1117
1089 984
955 163
76 1073
763 38
1482 411
1440 1428
1330 1344
1500 1301
1138 1074
254 146
1301 1305
1087 1452
106 24
226 358
120 839
388 998
82 1059
1012 181
966 103
1360 787
131 978
607 925
65 921
231 175
523 1126
951 726
123 177
502 258
580 844
1113 398
1437 1262
1200 1021
74 1125
52 1377
954 1472
1434 523
368 832
1320 1409
1322 251
729 340
275 1351
799 1063
148 49
1119 709
980 874
1194 191
1490 872
372 50
228 1038
195 411
357 193
1004 234
143 1091
413 221
852 389
367 1213
892 178
557 260
904 320
1144 93
285 498
1124 1230
1194 1296
1075 896
828 1262
43 232
450 526
72 440
490 165
290 1196
36 1337
36 502
1196 1309
1374 549
946 411
1203 1418
187 1400
508 470
879 1147
62 333
1335 293
927 763
931 1202
264 524
184 16
322 734
1189 1076
583 1279
957 1377
1272 406
391 565
602 179
1074 504
905 907
1110 48
449 1363
987 1164
252 52
333 1493
510 339
1385 86
1101 263
100 64
844 372
1386 1310
342 948
471 864
487 849
698 622
500 814
1294 1060
141 1339
650 201
412 407
64 1284
240 1441
762 1065
340 520
1485 917
946 1492
775 588
1469 726
1253 1344
75 780
295 671
1008 349
525 1235
88 1372
850 1017
563 365
1491 283
63 1154
1125 920
50 1040
892 122
567 56
369 476
1260 897
1406 82
50 384
518 1093
61 58
900 680
359 760
1229 68
156 829
407 497
171 377
516 1110
520 1059
1156 284
441 1204
1314 808
1184 103
810 641
260 412
393 57
424 609
914 1347
1393 1053
514 979
1327 135
383 443
456 964
1093 1189
89 421
1398 538
330 880
1000 569
636 178
1324 1018
1145 89
746 1063
276 936
1448 237
1456 1160
1166 696
353 456
120 208
734 781
330 148
349 43
993 613
1108 279
322 564
768 57
1405 1021
517 175
68 211
850 541
526 1362
1479 837
1139 1152
369 127
666 269
305 1457
250 434
905 348
1218 1152
1032 914
800 447
1361 513
357 237
1404 178
1279 586
705 555
1104 1385
805 1039
1171 960
1083 592
37 1197
1324 403
821 1253
1056 148
869 480
798 321
1346 1467
694 1340
1007 327
1209 666
1235 910
193 1447
1449 1078
1124 1296
144 870
1272 847
468 29
1273 1077
972 1328
747 996
1217 148
830 312
660 917
112 89
760 1070
494 262
753 1004
783 32
585 1046
502 978
1312 400
1119 853
1308 1209
975 17
717 1267
1473 1387
1483 497
1288 610
167 235
1438 1425
1108 478
49 1447
12 569
1422 770
182 61
557 1222
1302 88
1117 757
484 1155
1177 1308
1286 666
1326 1381
475 1462
1084 1161
317 1475
344 81
1446 572
560 985
807 1175
1487 165
1466 166
631 340
1182 220
1145 1035
133 1170
1460 42
614 185
71 870
1097 8
949 211
252 471
1255 1422
331 904
1057 972
16 1067
1045 709
1418 710
349 899
313 1306
1332 220
783 1384
1372 795
1057 660
727 1023
24 1287
1365 1085
271 229
314 511
187 561
1201 1251
206 42
1260 839
45 1180
1087 684
1309 1108
796 1134
753 1161
894 790
199 1371
891 523
896 1274
1446 1138
514 456
38 657
917 364
1376 987
366 1374
873 950
844 913
465 619
1072 121
1252 239
1224 1362
1276 1096
672 458
1134 1430
1383 597
1082 72
1489 959
66 1475
766 40
886 1180
1038 625
503 1467
379 272
759 1240
149 616
649 575
296 275
803 157
869 309
660 1281
759 433
583 941
884 604
1322 501
1265 798
671 1078
947 1397
1439 1096
953 646
1332 963
15 1431
1206 52
1088 1283
278 1245
960 1260
1302 531
860 390
846 510
356 1126
663 491
1156 62
755 921
102 420
64 731
663 450
582 1251
173 1397
1380 608
629 795
955 303
1275 695
899 924
1088 515
63 635
304 1488
1320 269
1280 1031
914 1396
554 989
83 1168
817 709
420 342
1416 817
1453 815
819 610
1353 768
813 754
224 1388
1413 533
738 1136
1088 1140
502 1152
48 1181
559 520
231 1119
866 1189
698 107
249 1366
981 201
540 1423
349 993
3 1020
730 977
604 192
1307 1075
275 1164
1064 1417
640 87
386 1145
1492 1433
1277 620
1488 676
163 243
186 1363
309 664
1482 1334
236 1331
975 1219
814 872
1424 1255
232 122
702 1392
968 1015
626 499
1447 1438
699 767
612 779
22 892
448 621
1180 511
623 258
986 1459
364 373
799 773
670 308
582 1313
1266 881
375 1364
972 1074
1253 662
1010 1309
489 21
205 1359
946 1333
1236 490
521 1144
446 971
1329 786
1344 714
1016 1077
596 1439
1185 110
169 657
317 56
736 901
956 138
637 694
1171 1385
971 714
432 1164
624 562
54 367
1324 1243
1126 952
833 847
547 556
30 258
370 979
958 81
838 247
429 830
1096 419
73 328
211 633
957 519
719 304
1047 992
423 496
921 1449
1401 1160
15 735
1142 806
87 861
692 1447
1297 1186
1484 566
946 1008
1188 947
597 1080
1038 198
529 402
719 1309
1071 388
1220 1455
843 367
1227 814
41 859
1498 355
1295 709
632 1495
962 1303
276 86
1303 1063
1193 1448
331 289
1136 351
798 715
881 1200
1006 968
1377 1119
180 104
271 1498
788 1454
1171 1471
746 548
616 77
1120 693
871 384
524 723
289 773
1332 1364
1261 1206
517 1290
1212 748
376 1497
1049 1429
314 1140
1342 705
420 533
836 177
140 1128
603 1095
924 1408
463 223
145 436
1303 1170
3 1144
824 201
848 134
600 1341
46 93
394 1113
567 1060
675 430
620 28
355 78
638 571
1434 1444
1494 919
365 737
1067 206
576 1404
129 1373
731 425
841 725
1202 955
1488 1396
706 959
1334 778
734 553
1077 214
939 38
307 1486
1020 957
1229 354
321 336
836 190
351 406
1294 1033
1289 294
426 1422
810 983
382 949
619 291
331 167
1128 1087
599 851
363 20
434 814
1450 609
978 1330
1199 210
466 486
1385 540
1009 1038
777 323
1177 445
1399 1332
39 1313
291 788
1282 27
480 1023
461 1196
45 1174
325 273
331 192
1404 539
71 67
920 1451
712 1119
1083 836
128 1333
477 271
713 1254
364 1232
843 1067
1340 1046
159 937
1240 897
1287 686
71 1313
1175 1382
524 1156
724 165
118 817
1471 1401
1048 836
579 152
470 1030
212 797
988 217
1284 1436
376 368
424 81
803 1001
1378 1089
809 269
263 1088
814 930
952 966
1332 1404
615 905
328 173
376 828
553 35
373 762
500 968
288 1247
745 686
283 752
7 1441
838 575
781 320
1178 433
1394 1144
825 899
1450 365
267 820
614 1108
1052 1209
400 510
536 356
1032 1282
956 439
869 958
101 441
460 908
1255 55
1057 196
545 1373
503 375
897 1092
153 666
640 1059
130 724
1011 234
1449 595
1011 595
200 554
291 1442
635 193
673 356
194 815
941 495
608 728
546 504
333 1362
202 1057
787 236
289 1411
810 386
1329 1321
651 650
1001 904
311 1237
1343 522
1232 151
20 486
996 73
1028 133
1317 1119
500 1039
1246 821
613 37
918 684
166 356
560 18
722 1436
422 795
803 310
962 555
623 679
1282 1425
865 1417
1467 311
1364 1390
670 103
209 1493
1172 930
310 937
609 488
1328 1160
36 1231
1317 359
1498 1139
635 1377
1400 1415
834 1363
726 477
557 112
770 684
665 1437
1071 1363
909 522
276 395
397 1041
1344 1141
882 821
1303 1370
1300 1360
1499 888
556 457
390 801
290 648
301 617
1379 1076
110 1257
762 120
322 735
516 435
653 404
1434 405
536 224
741 1450
961 626
1266 737
1366 227
447 623
640 1419
317 1152
558 1075
671 755
515 49
1165 97
1113 1491
1111 999
712 846
133 1005
759 1331
760 1339
754 1143
634 1339
465 741
39 694
765 1074
1173 1129
1337 1429
269 652
825 1209
1248 1317
158 1250
1298 666
1169 1424
338 612
819 1036
795 1233
1349 1103
1237 742
738 564
1201 578
894 648
1036 971
778 457
163 371
803 76
168 232
71 1254
1044 704
259 195
337 19
206 1177
739 71
1339 1163
612 50
552 254
128 540
583 377
363 1060
1046 13
630 856
213 387
1314 377
167 1282
61 1134
1271 1331
365 230
1446 132
1007 1089
320 609
57 1470
75 1453
585 1427
575 440
1470 270
1163 67
324 436
1185 1038
456 698
202 434
630 91
553 619
1276 909
1054 1284
732 59
1191 909
1253 48
1303 1447
106 51
43 1238
325 762
1047 1325
1240 622
521 1044
667 1049
621 58
870 1327
469 135
1064 1407
607 1192
1349 1458
741 1347
256 78
365 454
1050 636
1207 118
220 92
332 162
1167 399
838 986
1415 983
1342 1074
233 83
1146 560
838 585
71 1042
130 89
986 1197
586 977
331 756
1046 311
174 421
354 456
992 1369
264 1489
1499 1279
36 1155
1379 798
1076 818
1024 1406
870 1063
1283 525
1112 432
1461 1126
399 1388
159 727
1064 999
329 811
1449 405
1211 896
844 1058
877 819
125 831
526 1443
1374 352
381 1036
885 1413
1004 800
430 912
103 1144
1398 189
1412 37
376 836
1440 643
564 1324
1343 1482
374 1313
208 1287
272 1453
921 1279
1076 661
1466 267
1205 987
117 1097
1145 811
839 1327
297 378
98 1252
925 935
998 881
1002 861
877 235
718 83
1383 695
1447 1110
155 1091
1357 490
330 738
178 444
742 239
620 428
30 688
1142 424
269 1334
991 779
40 754
220 1304
498 806
713 423
171 94
36 270
1477 347
1457 118
323 1218
774 193
251 18
687 220
544 1175
1011 1198
29 906
1331 1376
550 105
1023 856
537 1213
386 233
540 1213
133 261
809 899
513 833
1218 846
1176 346
12 1326
1127 1145
1405 215
362 902
531 1024
796 1358
195 839
1205 119
213 1051
1401 797
593 919
1428 410
469 571
581 1227
1103 495
996 1495
110 94
135 190
260 832
1148 190
97 1391
374 226
184 1096
395 911
1452 764
1239 735
575 797
795 894
1123 1348
451 1437
977 568
577 1279
312 256
1236 1127
886 511
1069 1383
1005 997
1378 447
1269 1131
877 5
2 1436
972 660
1282 755
87 97
1377 1172
1161 150
945 622
29 944
957 139
1497 1396
1306 892
133 933
242 105
939 477
1405 1041
983 700
445 1211
1311 836
633 411
1432 159
930 440
531 79
87 276
438 536
391 1439
1099 482
1077 10
700 1028
960 75
98 472
1229 317
653 254
1315 1329
604 633
61 944
262 759
1214 753
268 474
1242 447
1021 927
1221 92
389 1272
375 350
1126 1231
315 835
366 697
872 452
1154 261
1446 1122
251 605
1297 1116
76 571
514 709
84 221
67 1463
398 647
160 1314
1439 79
523 219
19 687
1260 1477
624 179
96 985
196 578
84 1110
1125 443
703 731
1472 1057
152 206
932 1027
1057 611
413 327
710 1021
258 269
1178 1474
171 1192
201 1153
1379 414
871 193
437 1457
1024 1425
1058 1407
1269 1106
201 646
574 350
1159 377
734 1311
322 202
881 401
537 172
452 306
1489 442
1080 3
787 1207
225 867
431 773
970 1095
981 50
15 1221
606 1229
1175 859
822 806
163 1072
1469 1341
223 1255
408 91
953 196
1199 1332
108 1087
165 485
187 88
1424 452
910 1028
930 90
1174 1039
1037 612
603 663
675 1102
1423 1126
646 367
66 613
644 539
856 427
59 1456
1425 181
112 472
933 495
297 204
725 21
109 1294
710 952
372 561
1086 316
1121 17
1100 940
1441 970
1185 260
252 1135
1133 860
1038 684
67 837
389 801
703 1237
1454 298
1202 1428
1467 571
1127 358
252 1421
432 12
938 884
15 1170
1045 644
592 12
17 871
94 1154
1209 949
1055 271
290 626
1160 1325
292 550
580 1382
128 1343
1056 1186
549 588
929 133
490 1038
35 1026
1128 222
580 157
306 191
741 86
798 1074
143 1235
742 37
1353 132
84 139
265 743
595 1405
1098 1386
1300 673
1082 126
113 759
1390 181
256 1156
119 100
1192 992
1114 1332
1410 1377
85 89
627 762
805 1218
897 1058
916 4
792 701
1476 598
174 1498
878 1314
156 1167
481 406
330 714
1075 163
710 677
267 1251
1105 208
1164 765
133 1223
485 762
558 475
1006 1243
896 47
856 981
118 1065
577 307
183 1431
127 530
123 431
31 655
636 634
1178 1307
1146 24
1388 1244
96 342
737 236
303 674
937 1257
1150 1148
119 1092
523 1367
679 332
608 1170
702 392
973 996
59 37
1067 1343
1143 117
1407 973
253 960
857 978
1388 1309
691 1283
354 19
1010 991
164 798
957 579
524 41
1482 304
527 857
1093 869
1123 51
462 717
1344 689
995 1006
515 1466
912 1288
783 1157
952 1057
662 843
1033 869
1393 116
507 1123
460 593
862 410
1345 824
879 742
1255 351
122 591
1067 994
1389 197
34 503
816 203
694 359
1224 1361
564 131
442 516
43 270
603 317
1404 878
1122 1039
893 1059
1331 791
184 159
458 653
780 436
1135 1244
1479 489
609 527
973 888
992 1295
1224 389
886 158
1301 615
1151 514
558 83
1070 1251
619 1310
72 599
232 1353
978 708
1064 1041
355 1224
897 985
1267 28
1323 87
1029 779
910 1107
224 39
848 251
1473 862
1028 128
324 350
230 1002
944 339
949 839
807 951
1223 794
86 1492
1296 552
639 458
1460 1300
1005 1192
943 815
617 785
1008 703
643 1396
997 449
1075 481
859 251
1434 383
1138 763
8 450
813 954
60 458
760 1188
909 850
802 1437
1229 1192
421 207
1364 38
4 766
1222 674
597 66
900 39
1146 1284
1181 947
803 1135
1354 601
757 114
1454 1232
293 1435
580 979
779 1179
1105 657
482 293
473 1373
646 446
746 526
1141 727
641 684
530 753
322 426
440 221
1340 957
1028 393
218 1095
219 623
8 402
943 1137
1197 612
1404 1007
925 1138
851 1388
715 1097
1039 392
1466 1021
224 1415
18 117
57 828
1406 1101
1006 908
1096 1227
71 514
194 769
1144 785
776 868
65 1196
607 734
1406 522
85 170
497 161
1278 785
356 1018
855 36
931 351
645 9
550 1342
170 1160
900 526
213 198
840 903
1088 1403
445 1431
799 508
665 748
1403 519
1038 470
453 180
809 221
1234 511
1441 748
64 310
477 645
1475 1145
1449 857
521 1141
787 160
131 1287
1106 1082
274 928
1376 1161
1007 634
1194 1379
992 798
1404 949
851 1318
846 1034
1396 675
318 1065
1110 355
456 1134
1455 344
1067 223
663 1429
309 1364
1316 1059
569 798
416 352
697 164
1238 20
1441 829
1086 1108
940 621
700 612
1394 179
573 182
49 956
26 1409
682 781
1418 1349
335 713
131 1419
198 94
1269 285
1015 58
1051 1201
99 749
1047 918
195 441
680 629
725 939
1318 722
366 293
435 951
1096 794
54 818
1475 913
1185 874
1139 146
1075 869
1152 1199
1032 1193
75 1355
389 468
1321 1497
517 579
755 1080
603 414
1448 1148
637 454
1195 1393
1365 741
164 1120
998 1256
630 405
1259 255
645 272
304 4
517 213
458 654
1347 595
338 537
915 286
926 1219
844 621
1201 823
1029 1070
704 1139
4 529
1437 995
585 788
55 1264
653 1465
688 587
696 423
629 163
1290 1218
152 123
686 474
1252 1246
613 667
885 1177
1046 718
1251 1185
1495 590
590 13
940 366
708 1200
323 819
263 505
833 46
917 749
897 1474
102 786
15 980
425 152
1219 436
1456 200
587 1141
314 338
1047 414
334 1205
321 824
718 1411
789 968
118 11
600 913
771 270
192 1431
557 984
735 107
973 380
1466 803
975 585
584 438
1188 532
398 121
1460 1392
890 757
797 768
379 410
304 775
1036 725
1464 1283
1275 37
1500 508
1466 1100
496 688
674 1188
1021 63
417 546
1455 1449
1186 903
485 400
1291 310
1061 1041
367 899
513 919
886 565
886 419
498 1468
775 243
1443 1454
646 1410
288 719
783 1406
121 760
314 1167
249 1112
940 131
737 83
1485 1388
2 1112
1074 86
753 906
58 996
1377 1264
1171 231
315 1118
246 1292
834 676
1203 198
1253 65
1136 387
430 901
493 1201
904 59
711 1490
1457 406
998 925
622 144
540 1468
1381 245
1003 151
770 567
98 590
1318 783
64 224
920 480
335 928
385 756
1017 1044
164 214
441 58
1403 1371
1369 839
697 250
500 1468
1213 1308
151 19
1484 382
920 1234
851 1188
1343 91
452 1030
297 1351
274 1090
483 438
1436 1497
1305 390
628 605
672 88
810 125
1093 280
1473 463
892 1207
936 50
538 866
681 419
519 507
526 1378
1307 801
1262 759
400 1346
101 24
1401 20
812 66
663 1400
500 1008
1353 803
553 1351
1069 1412
622 1012
1406 295
1052 956
565 256
77 1381
605 839
256 691
1075 1001
1234 610
866 997
991 1356
32 156
1460 35
923 310
113 884
1379 965
264 635
9 1025
664 111
528 215
19 603
859 1140
1491 798
772 513
1125 316
125 109
54 914
210 859
593 1319
1358 725
1201 734
1289 278
964 1376
619 44
1206 172
328 1011
513 450
813 1367
765 1201
1048 996
300 1473
1248 1059
699 1211
6 1237
1052 1060
536 216
990 1250
868 1040
14 539
684 639
708 319
742 504
1110 537
1439 355
269 974
1331 346
1407 726
1320 156
988 905
550 1390
1277 329
1067 1143
970 46
1043 838
356 1403
244 175
1344 1453
617 279
875 1194
433 417
1112 414
123 1013
219 406
389 913
1464 719
1177 511
680 1055
268 373
507 991
1030 536
292 100
255 600
1269 124
850 1011
1040 1361
1159 1457
236 382
1158 795
840 774
886 931
51 1069
236 39
108 657
135 716
1236 70
898 135
1230 823
1033 506
1351 845
372 924
1189 152
324 378
1102 1104
1116 1311
221 741
1433 1081
1285 1138
610 466
1474 236
1336 402
601 173
1222 325
1052 872
1253 829
187 908
583 434
1329 1208
422 954
635 1154
552 1001
1460 552
461 194
614 1252
564 705
401 284
191 595
923 1442
1159 384
1260 1478
1221 1192
815 914
1092 254
1381 1411
991 575
598 1254
986 1314
378 1206
313 493
239 70
249 103
186 1315
540 1009
988 1215
848 1408
390 1082
599 1244
261 1125
1158 739
812 1173
1148 338
443 946
403 501
98 544
426 219
111 1448
1125 896
593 752
283 1374
1142 238
1269 1383
760 975
1209 749
735 867
1094 973
1339 577
1142 675
566 524
762 1218
742 110
1485 608
1234 846
305 84
385 809
1103 895
247 29
303 1163
671 1249
321 447
1203 414
15 1117
422 260
615 449
260 154
1311 882
631 1083
1044 587
1068 196
1013 800
1419 1082
1238 1092
501 602
629 1215
318 466
1448 1041
108 371
345 694
1324 577
1012 45
1051 902
727 68
1020 1195
1096 810
177 1094
151 915
359 1256
406 1421
247 103
776 980
991 1067
110 400
335 283
729 1216
26 1273
817 1047
853 838
1293 372
102 1455
489 771
1 492
897 361
304 243
1289 1009
366 898
27 744
1319 1483
1299 181
1254 100
194 675
1496 843
1453 987
552 549
114 1426
1481 263
1047 1303
148 990
1159 323
339 1298
833 1038
960 370
606 1089
482 600
1423 605
415 460
77 1020
905 1176
22 833
634 94
1161 967
1148 1130
1194 1301
479 868
355 768
1104 330
1143 1050
950 1126
1482 1147
1451 1094
94 339
1372 334
529 1422
114 147
731 1468
430 1067
411 1390
1120 292
722 87
949 998
1140 260
378 570
143 669
1097 112
1002 1316
1099 782
1360 753
811 1341
66 809
1007 1309
367 101
29 619
1259 991
1297 187
118 1239
1394 1124
475 1259
282 382
489 637
1296 639
595 1170
1497 915
760 1176
955 1419
33 578
483 514
580 1180
1109 25
1081 526
1222 92
1336 1326
742 1114
1250 406
1304 1160
293 1136
419 955
892 588
1306 1002
1440 112
1008 167
642 1216
599 833
1436 1201
1160 903
1370 808
1068 717
822 52
145 120
117 440
627 1333
151 315
38 1492
677 1103
1282 331
1174 421
111 348
1115 607
1475 618
1236 192
44 1312
1457 1064
963 1394
1290 592
687 1263
699 1197
1012 1476
1427 950
729 1353
611 1213
281 1369
863 1323
1302 256
426 803
702 1210
1069 1400
563 864
631 1298
950 990
1450 816
1385 1149
472 57
343 1330
452 21
1113 428
869 1004
1434 1440
1496 973
3 1450
895 421
1205 581
265 938
12 515
522 1359
794 1474
1135 374
150 1419
993 857
99 1322
1076 360
417 1148
1264 807
770 817
351 1400
317 750
197 4
711 626
933 1018
440 325
1 1098
767 914
181 531
82 1253
1317 400
849 586
13 358
500 1057
1187 443
392 604
549 1068
1295 1491
808 420
178 393
113 348
549 1270
926 1203
168 685
160 179
1153 1036
1008 547
792 1498
1477 1432
476 1343
811 7
937 260
1486 1004
804 463
173 817
1064 1460
544 971
1189 1210
1465 454
1238 1227
1300 477
1291 1110
543 1344
198 1115
382 510
48 1418
1483 255
1109 806
946 502
825 1085
863 908
1081 388
1116 304
62 297
458 524
1005 1341
1181 1275
228 1193
1062 773
1037 52
741 367
913 1074
583 1367
231 609
676 824
463 769
498 424
422 303
720 135
746 815
622 236
1320 846
711 763
489 1135
735 313
697 298
1042 1193
653 871
1204 512
733 1430
622 859
367 727
771 1050
719 377
1379 1004
152 388
929 463
480 875
153 1117
732 142
1061 457
1359 797
701 906
1458 213
753 845
404 360
1027 611
568 367
562 412
632 1429
419 1455
184 1064
714 407
1180 28
125 1411
1315 336
321 728
299 1464
150 983
294 1249
382 1402
223 652
1046 79
1281 25
733 812
224 908
1158 927
842 563
1057 1450
1022 160
325 916
1425 579
1401 926
189 291
109 1260
887 217
1284 279
612 681
472 1297
124 989
355 213
116 630
725 389
1279 1253
91 1231
1032 1240
422 179
1194 541
1380 1323
400 567
845 240
1152 1214
718 1465
119 1188
78 1251
1105 359
893 360
959 1433
452 241
1281 1031
747 758
886 1427
1489 1289
406 328
1387 1360
285 1036
1248 1160
305 552
57 1347
1166 172
922 853
806 1199
1209 507
62 804
1163 1347
1434 595
953 1052
317 1389
52 1317
698 390
1325 368
311 489
961 429
763 943
1096 1114
1427 954
1057 649
17 1285
446 948
873 73
474 1486
537 574
1490 904
1161 1416
12 397
724 1121
1007 591
83 575
663 708
1304 872
256 664
587 38
623 1178
844 774
1241 279
908 124
853 1196
870 580
609 1026
74 633
1009 67
378 368
716 1121
921 353
471 900
902 1253
1140 431
761 399
1432 319
869 1428
365 162
206 422
268 803
585 282
1111 575
1019 674
1043 276
895 1218
324 39
657 1068
94 187
960 263
372 1118
1198 965
832 1385
43 1472
855 1099
1472 1003
1447 483
279 998
35 1394
1497 1131
1229 1392
327 229
136 172
1102 999
826 1391
586 863
1405 314
1205 485
522 620
218 446
646 1281
481 642
649 1494
578 1462
1309 1007
1359 328
885 1255
518 1012
987 744
1380 515
1084 850
668 1099
806 354
4 975
744 815
34 391
566 657
638 1431
868 1422
1040 1064
254 1014
718 67
930 852
721 767
74 1016
841 1015
1016 1444
462 997
1112 614
841 850
325 95
176 13
744 230
1391 180
298 1376
896 545
1265 1236
774 255
175 1
678 1118
1388 403
367 1004
741 55
76 963
1454 1314
200 1215
544 893
726 1317
1035 216
555 866
572 932
238 1430
575 872
606 138
378 868
851 801
621 1421
123 90
1229 9
135 1063
1160 138
1219 257
654 198
674 1104
352 139
1295 1387
671 426
54 1478
415 150
1220 980
729 613
199 655
642 890
808 816
559 1323
1430 1175
983 15
284 96
920 177
735 408
454 875
195 299
1149 98
1460 1436
1146 1491
513 98
761 246
810 266
382 1091
1439 1126
506 409
1049 1041
538 972
659 226
220 1017
289 391
269 1305
1154 1329
231 839
877 294
435 213
452 1232
542 757
1348 461
186 531
288 993
664 1355
140 487
1486 506
1329 416
119 733
192 107
1458 892
229 818
125 738
900 330
1366 1410
1103 225
1080 1348
881 292
145 334
642 1161
1455 504
1171 783
1458 356
1218 629
589 1138
329 322
541 1281
888 1165
870 467
524 594
432 954
782 801
1315 1168
178 303
523 573
394 717
613 258
1398 340
690 1314
686 1203
254 1152
818 554
1100 1374
1006 503
280 837
11 1309
768 427
1423 185
691 1472
753 1258
373 571
1280 5
48 135
702 725
1347 828
400 1030
1346 702
537 577
1149 265
484 1228
374 1090
544 1130
606 1195
284 577
1332 1315
1312 510
1499 1152
707 255
705 392
1222 584
1288 1490
225 771
828 266
257 1237
324 426
362 755
223 996
1144 1355
1047 542
1002 1324
873 552
846 141
647 972
1124 1044
1196 364
1249 1012
1254 1229
596 253
974 126
450 732
148 763
591 1044
69 1140
873 863
1323 1186
220 987
1048 876
443 768
15 536
643 306
213 716
1293 1305
768 124
1007 1101
810 679
1156 613
557 1314
512 1328
1194 34
781 662
1380 281
707 561
755 919
735 655
71 739
591 645
75 1397
342 86
1366 576
179 11
42 144
923 1335
1064 446
541 1126
299 93
1062 928
1388 598
223 95
1260 340
259 966
190 357
61 540
816 1369
1482 1273
657 1411
855 1458
1152 1007
1440 840
32 792
301 319
909 1007
790 588
1427 417
1055 352
1001 357
1009 722
408 414
221 1484
787 1292
1186 881
1388 531
561 1386
1113 10
721 1191
353 1246
877 431
570 462
364 608
1008 1275
604 777
1107 1344
1411 521
746 439
582 352
859 480
1007 298
52 1196
402 644
165 290
1268 1228
88 790
157 489
1427 451
437 907
1155 763
1301 561
354 66
1424 840
499 191
1497 985
594 855
1268 400
292 904
369 1492
904 1155
72 1075
892 191
1296 358
135 1417
1263 185
1385 725
264 345
918 999
712 708
935 503
721 227
1258 78
133 595
369 865
135 1209
1330 557
817 235
1318 362
1219 421
1488 1110
563 1290
1097 321
483 393
207 1426
471 1267
1423 1309
1244 765
464 137
966 767
758 1054
220 276
167 359
968 1026
845 1414
1497 1147
1065 960
1254 82
444 876
158 287
297 964
537 294
814 19
383 1079
637 788
11 572
1251 1215
620 1208
995 650
83 651
250 51
768 763
1298 208
23 581
1385 1149
311 846
172 1433
675 1122
1001 1016
1009 894
1227 686
180 42
9 1305
330 2
782 646
1100 2
888 273
358 53
266 922
794 983
16 596
1291 124
623 1341
940 605
987 889
320 1034
799 144
494 1413
555 1171
70 1493
1303 287
725 1271
667 1065
879 1119
1387 1465
1091 53
1218 386
909 1269
1324 1104
575 149
21 405
1101 430
1396 634
1036 445
429 29
610 1382
1000 481
244 490
1196 486
308 459
315 587
198 65
1386 478
1119 175
485 565
578 532
1206 64
448 1294
448 880
62 1299
1468 824
492 1356
275 595
48 399
62 1360
233 1261
871 1174
1220 1000
801 644
978 935
192 1270
996 1184
970 694
796 239
1454 473
624 237
1112 438
49 936
121 78
1261 226
641 1163
166 330
419 95
879 730
42 1440
1254 1239
651 237
658 15
1346 512
185 97
745 507
1050 664
227 682
484 1233
855 494
520 944
1130 100
834 49
639 1353
221 491
1170 455
1298 175
379 1010
818 795
1033 745
937 1411
791 4
680 1136
611 789
686 1152
1415 1279
1211 507
217 1230
206 99
107 1034
1457 20
359 1228
339 578
212 1487
1090 1139
368 313
42 962
626 129
311 930
912 829
55 377
1074 1468
132 852
1216 1157
697 1060
1339 152
1455 1415
304 595
828 1077
1082 682
604 482
258 1016
877 313
1368 749
857 1008
1469 996
818 355
1264 1238
122 559
202 1286
112 655
1219 852
579 817
474 1133
1394 583
141 372
1346 582
1431 187
629 1357
55 1258
1412 1455
690 701
752 438
1164 417
1041 680
556 452
1099 292
1186 1214
226 811
1335 449
129 1297
333 969
1459 586
116 1349
103 1213
1484 526
19 1364
84 777
1001 1003
560 1125
133 384
152 1235
1413 892
1438 590
1154 139
1235 983
1257 82
665 1177
948 338
624 1230
979 1386
815 338
714 37
30 1070
596 410
1399 161
1342 1001
362 1275
1383 1419
926 719
1109 2
1429 359
1341 227
543 1235
979 458
552 1303
1449 571
1112 1330
802 1280
1209 623
522 90
732 1487
497 60
652 1085
477 32
533 614
198 1165
1305 486
42 19
1389 1481
397 1041
903 359
476 573
1123 293
265 279
120 292
386 384
1341 801
1056 1054
1445 1456
739 1112
1016 723
1413 1494
1220 23
483 391
1073 253
227 1453
569 1114
800 632
788 636
1121 408
407 822
1286 447
664 364
785 653
478 1308
308 642
675 1122
390 1351
1441 486
1429 1103
1493 1231
440 1217
199 1368
699 1078
466 376
588 173
15 1228
572 1168
1046 508
171 662
365 1006
328 670
1123 966
125 1279
316 663
1296 30
1302 285
920 1373
48 1062
375 242
323 1058
408 32
1019 666
312 1134
139 1444
474 1398
1174 297
1069 278
858 1401
191 933
122 1483
1135 48
640 1137
1227 1025
1129 759
1441 158
225 37
1144 1499
1476 700
767 1074
936 913
838 1175
936 1461
745 971
568 1445
423 111
914 693
475 318
1319 676
1373 1333
509 139
808 327
430 1468
204 348
945 739
241 811
643 91
568 431
335 806
1204 592
387 1210
536 919
393 122
76 108
243 174
1491 533
684 1175
1057 796
744 158
1313 970
1438 1446
154 562
336 1466
910 1112
487 909
964 1383
298 1190
716 143
826 620
541 685
1464 519
1012 1177
659 354
308 269
1088 1440
957 1344
784 1153
953 1358
773 1030
1414 96
418 1497
1195 1092
1073 668
518 566
282 1033
163 1138
1194 247
91 901
1357 236
420 99
1422 390
1122 1212
378 157
875 888
1421 50
1255 558
1461 394
825 1072
767 315
599 1468
272 1088
990 1354
453 1325
990 1321
1483 277
514 562
958 1387
51 517
241 1457
7 923
131 47
357 609
346 1089
796 666
1098 1448
1257 1192
1408 538
1498 597
1156 962
308 1162
564 266
2 905
612 1005
1000 591
608 1289
1203 184
869 1461
708 1299
496 529
610 747
376 374
1418 332
471 646
42 1485
745 350
326 1250
1353 1210
531 1125
1128 734
521 1257
1143 101
237 903
649 1152
764 1135
532 134
859 335
382 51
960 391
1080 1480
542 1351
1030 228
1326 190
888 301
926 441
294 415
30 49
871 598
521 839
593 111
734 100
733 924
1489 161
1128 681
489 157
1076 572
1411 134
1380 1202
1453 922
1200 1163
406 1222
33 779
260 858
580 971
656 480
947 656
1468 420
31 940
1270 1337
1079 1273
212 258
726 1251
473 231
659 1206
1292 903
34 1233
805 867
683 808
289 776
1352 12
1054 1083
112 773
1180 498
191 165
1038 300
797 1139
54 574
1326 1415
1496 1181
79 193
626 855
953 1294
1341 1049
1346 1292
1167 1019
1425 1025
1234 432
748 1247
61 254
73 75
1178 210
310 1499
469 981
17 1431
699 422
1324 466
1423 755
542 1255
1058 856
492 1176
1313 19
1355 435
1286 1310
215 401
523 508
99 1322
1014 978
700 140
606 415
1010 1200
207 614
810 215
795 1148
735 766
693 586
867 548
1011 1324
1065 709
423 582
1061 1361
510 628
1387 1171
210 105
642 756
614 1044
978 212
328 198
1273 1474
147 172
619 917
1258 1010
8 388
1166 758
79 464
604 335
102 1373
707 449
429 1069
577 550
1399 669
588 1132
1352 434
333 21
361 620
1037 240
1275 711
221 1362
679 747
720 833
502 1214
715 1134
565 966
484 1257
676 289
280 486
697 219
1280 695
876 806
659 1432
333 533
827 461
1478 1049
793 1270
384 982
786 717
737 1105
749 130
516 463
1395 627
272 589
1150 920
502 428
482 1313
331 141
458 1107
767 1217
704 821
521 862
999 367
627 989
917 474
236 508
89 304
117 18
643 183
650 1451
1069 1125
1044 946
782 1270
212 81
977 453
289 275
436 418
1343 306
886 509
984 420
1364 101
300 616
836 1375
530 669
1452 774
885 330
526 548
625 862
737 814
1064 249
237 1267
1433 84
839 295
1188 333
540 555
386 402
223 1016
17 1184
1190 1476
461 717
878 410
934 1039
72 974
194 1108
1117 190
286 1110
773 336
593 1340
897 771
1017 948
622 202
1051 165
638 576
1125 100
1370 1050
683 714
609 460
1296 148
289 519
931 812
132 1268
686 538
1346 908
622 1191
134 1180
497 1138
1039 1225
1173 647
430 781
538 308
209 770
112 584
690 476
171 851
1398 485
1368 902
461 1401
509 128
1456 885
1380 245
139 960
104 1363
549 1109
234 737
1225 652
600 817
407 72
1000 342
68 1366
728 772
1150 1427
1213 765
1024 425
58 612
231 872
995 1273
1283 1145
1339 847
317 1105
844 218
33 947
1262 1246
1183 1003
395 2
898 386
510 1417
1087 1455
910 50
1453 757
1446 146
454 340
859 124
262 1202
1162 1039
26 1122
1224 1084
1449 315
832 515
1278 615
157 594
358 108
218 1028
846 273
402 577
1001 343
232 319
782 1018
592 442
664 1379
1044 170
149 1451
462 1185
1009 81
695 332
200 1189
1298 506
492 837
1331 1380
490 426
431 1037
966 688
4 998
1302 1145
889 391
1061 147
1241 688
1006 157
310 254
1453 551
862 358
1432 1409
117 532
102 647
85 1078
1205 322
1439 456
690 309
1127 1048
911 1267
136 1334
1 56
421 1438
920 1007
1244 759
1189 319
34 372
223 442
332 506
1421 931
109 245
508 804
1404 344
416 92
244 327
609 276
660 336
781 921
365 507
1409 290
1488 647
41 395
1046 26
593 345
1329 1493
842 678
410 1317
1106 1021
1144 710
536 795
564 1469
296 621
640 1189
1247 982
1449 823
1482 1041
190 596
66 1025
622 841
773 1425
1270 5
164 586
617 1030
1200 1228
1424 1205
1002 440
6 142
783 481
1477 1225
145 307
1104 826
318 769
42 864
875 1127
479 136
16 1151
481 730
499 69
977 44
726 890
816 795
746 1061
1227 864
530 773
1087 1324
506 436
342 1037
1039 406
795 1268
1324 291
1416 707
925 1094
827 387
803 457
202 1192
1051 1418
184 710
345 1137
134 741
967 433
883 1425
1250 1053
460 1439
1237 179
627 19
837 763
410 1050
770 215
1132 1298
1212 1280
685 581
136 413
1136 999
634 727
871 336
256 360
1067 1145
38 230
673 724
1478 472
1176 1071
282 1477
1212 106
816 421
1372 1021
506 1336
185 400
293 1226
1208 1142
1308 1305
723 1001
1390 50
1411 712
920 1495
1177 37
612 1070
1027 1178
1351 1256
1134 1422
1482 581
535 1116
1470 1215
1467 1259
557 1046
588 259
237 18
705 665
1228 1388
1017 42
858 1436
453 893
171 461
901 821
105 1035
693 1134
670 254
785 717
138 643
294 888
605 396
1500 1309
1052 173
189 867
123 274
1180 1134
1163 277
808 896
1313 1452
1064 844
371 864
1436 1051
777 969
442 830
1036 1078
818 327
837 1045
423 665
1250 544
272 699
971 1467
4 1018
974 674
1279 574
948 1236
1029 450
660 874
336 1312
275 1329
137 605
411 646
940 858
412 349
1307 1451
1181 1334
174 754
1311 8
972 548
666 1151
193 604
1076 1004
728 865
1478 645
512 1025
1459 1223
360 452
495 697
1447 503
1435 39
874 71
351 875
1065 770
968 408
1174 221
1312 1404
1054 785
807 1329
1324 811
609 1300
872 290
38 843
1137 115
1117 538
740 745
406 411
389 1449
1378 1394
192 1033
458 124
556 192
1113 1282
295 1069
167 686
359 45
1295 533
677 664
327 1212
869 1488
355 353
1074 913
468 586
292 1104
12 49
528 1079
1252 1187
1411 291
510 243
495 8
364 652
824 1059
1437 1471
1279 734
1435 490
929 645
1067 69
650 53
1222 132
107 349
824 675
1215 1002
71 230
40 256
265 552
1063 459
839 926
1162 484
700 1158
24 1096
666 1415
667 411
676 220
1107 315
423 1372
370 856
863 472
1140 524
215 760
677 768
136 986
882 185
4 141
519 1429
1171 1250
1006 19
743 1272
304 846
334 713
421 6
677 1334
569 309
1451 1388
240 40
331 1442
1215 738
302 363
737 999
1331 1404
1057 958
82 1155
249 358
460 1127
1204 574
89 1136
1117 67
1030 1496
772 1223
1369 399
358 1359
1464 1256
926 764
1255 136
591 167
887 1404
305 95
1137 1389
1500 1437
162 504
791 18
625 1361
1062 37
1230 1255
599 1443
350 1137
1359 1255
1410 1385
441 24
1172 58
1236 879
701 1269
759 1232
864 748
279 756
1092 1338
1000 831
102 864
192 1268
942 285
381 1417
713 1154
410 158
572 521
626 47
815 1367
965 1178
833 282
435 616
295 1416
307 256
668 390
781 893
645 365
764 1224
250 774
1244 741
1242 794
279 468
407 841
56 1477
1258 933
849 1085
1034 947
1125 724
839 1353
391 444
331 1255
1165 396
149 776
238 750
494 357
590 983
757 849
1319 243
1198 325
650 742
392 74
636 3
801 169
937 1472
683 879
1159 304
72 1062
1443 1127
1146 1469
1336 665
485 467
625 1034
2 824
241 881
810 968
1246 541
609 360
1479 220
717 428
147 980
279 871
1400 252
1372 1450
676 1488
656 352
92 1013
204 976
631 1131
450 721
26 1065
1311 1394
1430 1179
1253 845
1406 268
599 459
855 1044
415 763
1022 1169
439 236
285 669
19 413
510 918
1466 182
81 198
623 165
509 40
793 676
1171 1308
1076 211
624 360
1319 803
712 623
1071 612
751 294
888 120
1288 603
735 332
769 221
444 860
151 83
1155 1320
975 120
1451 238
1005 1128
1279 1304
89 1403
1393 335
936 206
103 1110
789 1291
1376 1168
778 833
617 1097
401 221
898 656
1325 745
1453 1198
1350 879
1346 1171
664 443
1424 546
1089 1261
784 1223
445 557
472 678
348 973
1339 199
779 1397
115 392
895 1166
1092 630
1351 133
693 28
225 253
309 248
1264 672
793 1460
389 298
1233 185
845 951
92 1470
107 1043
220 135
451 1089
1111 953
1234 793
441 3
673 87
479 600
817 544
1366 1212
285 572
1441 882
1297 387
39 1326
530 522
1269 3
1150 557
956 152
330 574
708 177
15 1349
754 1107
1142 707
88 1180
808 1334
1318 308
167 59
364 1055
1051 1443
39 629
877 252
438 1434
206 348
855 119
595 252
602 398
885 1430
478 1329
928 565
710 482
438 634
500 67
438 1093
314 941
322 886
517 48
670 842
951 821
590 514
232 560
156 1298
70 1389
116 356
1450 1353
869 1360
339 439
906 1209
1074 74
809 961
1163 707
315 57
512 51
849 948
432 201
139 529
832 62
628 410
654 563
521 692
1410 485
327 589
114 1016
136 437
1113 1157
1306 180
476 1397
1168 1295
1233 1131
1202 1453
194 863
1196 613
1171 26
354 54
1088 2
459 973
517 414
328 1008
791 307
897 788
524 498
471 1294
36 579
1097 956
1288 951
1284 47
1499 817
589 1220
200 779
1267 887
1262 479
527 967
264 1094
1153 1237
82 102
1192 1093
104 180
589 1475
1210 909
100 688
1337 472
1321 1012
57 109
71 988
452 1054
416 140
322 431
520 1291
759 737
1218 940
1023 223
897 673
885 1433
301 451
440 638
360 104
63 506
184 233
543 1446
189 1068
2 478
223 583
975 544
1374 1428
553 806
359 568
751 1428
1429 1115
1106 1029
1469 213
1358 576
774 119
362 1248
316 413
57 1371
1308 1401
860 1372
1489 746
962 512
1346 1030
583 122
192 590
361 1492
488 1219
449 1089
798 202
1086 1010
1084 653
240 1242
478 194
427 1022
747 377
1488 59
1010 1374
93 1209
1055 325
413 1380
1449 1098
380 998
908 21
571 557
1164 586
505 361
1450 535
1051 285
379 1466
926 901
1234 1442
826 1132
422 1175
450 1353
30 178
1423 1137
74 471
826 1264
479 742
471 1412
118 1201
956 1259
1203 1376
823 981
533 1102
1388 318
294 1196
1079 750
1496 924
703 882
798 1180
784 765
1386 943
554 573
1345 1277
143 347
1278 902
18 709
1003 336
686 813
161 1142
303 616
1446 321
479 1114
1106 151
450 1486
592 99
1396 426
435 864
921 1436
709 2
563 213
679 1059
915 915
891 1323
334 1222
1071 562
1098 975
787 871
614 1287
1047 1466
2 352
1006 1232
1224 267
543 1115
181 723
163 213
1125 1011
776 1418
699 301
258 82
883 415
855 925
341 118
140 77
807 398
586 850
207 1339
515 1386
352 858
1048 328
1124 957
296 1287
795 1220
839 1171
706 883
236 1048
635 1317
445 1376
196 571
625 168
1431 579
1057 323
822 249
1412 269
1124 343
284 990
424 1394
499 735
621 1340
1206 524
552 501
1470 1113
255 343
628 275
51 545
115 858
789 393
930 752
149 121
1011 1085
1115 1007
320 571
1475 1454
649 1073
517 481
535 475
290 1144
263 213
174 146
406 562
1383 744
938 1497
582 96
550 274
458 1243
1340 1255
1430 706
1088 929
1176 337
929 418
737 281
556 202
1363 278
744 989
318 1057
530 764
346 728
284 700
1238 386
1069 1089
995 114
790 250
1293 1223
1036 1433
108 1311
1491 673
1437 1348
378 503
1259 832
1404 1456
1080 93
327 1290
218 137
663 712
1065 1328
1207 961
1282 1492
125 370
647 435
664 122
961 200
1240 686
131 143
1041 86
982 1183
136 583
888 157
950 864
358 1307
147 684
1494 692
32 762
1354 36
586 819
1405 601
1116 1430
612 1472
415 386
717 353
1373 997
756 529
107 1376
373 954
1112 1190
2 230
1071 512
885 1290
932 607
896 1166
464 74
1427 206
1248 539
990 1323
97 291
655 15
1193 98
1141 1391
689 489
868 100
651 1408
802 366
827 1444
1052 681
1219 833
6 654
1256 902
664 1205
67 1210
786 397
565 711
474 257
931 1258
310 494
799 1109
52 998
388 593
991 579
664 1005
473 1098
1445 916
710 1404
1248 472
1001 1430
835 187
576 614
1171 1166
326 654
474 1221
1157 508
1124 1149
1155 1008
1251 290
827 369
1169 486
325 60
365 1104
562 172
983 130
1221 627
942 125
172 134
216 1178
359 766
877 83
1336 743
596 1200
875 935
392 623
192 764
318 847
1179 1120
1489 861
1480 974
1351 994
949 106
658 846
1178 1373
1095 317
840 102
534 1327
1418 837
844 1286
916 455
430 664
145 1324
1152 684
944 1409
1123 986
335 730
956 319
1385 1143
1445 1012
539 1007
897 934
970 298
27 22
1091 960
204 347
355 1011
1039 1473
1130 1102
1275 1126
956 556
192 1400
512 1060
1374 146
549 683
740 896
1289 880
1065 618
720 1225
301 1168
1319 807
1098 1204
60 1355
394 77
463 1452
17 720
162 1497
17 1455
1173 352
1082 853
136 873
119 141
1246 105
1475 843
216 20
516 705
1147 1193
796 160
391 1001
226 1201
853 619
41 771
979 971
952 855
863 1482
116 807
1419 1094
1458 485
45 304
264 319
1252 890
773 821
817 916
662 439
895 1074
541 969
1090 59
1096 1201
1311 598
346 195
447 1122
102 501
665 634
689 1270
434 1050
271 105
800 844
817 623
427 443
1247 1261
1120 476
133 801
760 593
764 72
1057 1455
763 688
1232 625
991 356
1047 1244
956 1421
397 760
145 314
857 233
1419 816
652 1485
879 343
976 643
367 600
986 943
316 31
434 173
58 782
658 69
1184 197
773 1012
958 562
87 1464
5 381
311 238
1278 1128
1304 180
1183 888
781 575
903 615
1456 51
1405 1307
430 578
633 169
37 571
375 1451
262 651
493 72
994 247
323 1326
765 814
1454 1151
815 927
910 412
776 1190
1053 1018
1246 439
562 395
276 715
535 597
1117 255
396 723
380 45
235 1073
1228 706
1344 381
1089 506
574 636
1402 818
333 1356
596 1435
865 377
1400 632
988 1231
1297 370
739 217
1015 506
653 1176
728 1381
982 583
676 831
1092 755
452 1205
1264 1092
599 724
559 1231
1374 632
1039 664
1330 795
446 559
1237 1359
283 886
1209 1046
941 1162
745 1227
408 1295
1218 1364
973 171
765 1460
1166 1003
128 643
1316 1389
46 701
535 654
65 862
948 339
1499 509
513 444
445 433
1381 1289
501 657
306 541
938 455
989 1433
1278 26
410 921
944 974
641 1142
43 331
1492 1160
316 1047
195 1240
1332 1093
1250 503
454 465
1195 105
508 1052
136 112
1476 674
1112 1230
88 1376
1334 1110
451 225
1405 1411
786 489
716 62
635 389
1006 1281
1312 1422
1474 622
1308 47
511 203
88 763
442 833
641 299
29 348
70 1450
567 505
1309 1392
433 259
911 1264
302 596
1058 771
306 1415
474 749
50 586
351 988
823 290
383 1251
604 1225
992 480
1224 1133
265 1307
549 1207
1402 115
604 698
945 1044
681 685
1429 339
598 1089
1155 589
791 455
1040 782
730 407
386 335
990 677
1204 660
350 1021
1325 672
960 864
1051 122
419 1457
129 1152
274 490
860 1283
550 1267
162 1295
980 1385
305 1487
989 977
516 1361
592 372
239 1126
138 238
465 1192
1392 1272
734 929
472 551
1071 993
593 963
372 773
311 1321
620 494
992 1224
920 446
362 1319
1062 381
377 852
1048 1240
176 458
1262 1331
684 626
357 1180
710 616
1306 502
306 140
315 308
748 1083
885 891
1339 411
700 382
241 1352
416 380
107 343
1496 557
449 593
1152 810
802 231
487 524
382 656
991 439
309 845
1147 1216
1198 918
597 878
88 267
541 201
1033 1337
873 1213
420 1463
1149 209
1185 209
462 1161
57 415
560 1087
526 1384
850 362
54 577
1203 316
1360 861
135 858
469 1176
1203 1170
10 940
1082 625
1114 1464
1193 215
1114 888
889 663
1356 50
1432 1306
222 51
550 1320
33 237
991 1190
739 521
972 1475
1372 918
130 884
593 660
814 1328
1443 236
1414 405
339 1085
893 489
112 632
44 1169
237 649
1280 244
1074 1033
1396 909
1081 692
483 962
339 136
315 45
61 534
959 1453
1452 289
1258 1322
713 1196
909 894
1454 1168
614 88
623 806
180 339
1236 1337
24 669
273 348
1341 95
272 808
492 196
350 68
1263 864
1365 164
860 630
434 538
462 1303
1132 15
1176 892
1457 219
989 1348
725 964
1489 534
260 637
978 1157
120 548
291 165
1165 480
890 638
1298 817
1037 1413
886 1006
148 404
327 1373
1413 611
546 259
1368 445
343 1164
514 340
344 1345
1278 124
507 569
1451 1099
1433 573
1413 571
351 832
163 1323
259 264
278 579
1167 398
653 722
970 1027
1285 958
1080 655
235 599
1409 230
636 393
1441 1178
516 684
1079 828
1044 1334
796 744
1211 1476
864 872
785 95
1384 1306
1112 1182
70 1225
1315 1384
1122 157
1032 823
1254 1475
861 1192
326 1317
22 191
1342 1316
1283 1476
869 1471
1214 528
1166 663
433 726
38 592
494 229
710 335
475 602
706 1304
1441 848
1407 292
1216 36
1290 100
1362 1140
747 1289
305 1456
1045 1271
1199 371
1175 1336
549 756
356 857
436 321
712 608
204 413
248 890
1098 466
1225 1006
1382 850
1336 288
1126 423
285 539
175 583
866 576
942 101
851 1395
122 438
684 429
64 588
794 509
384 1161
752 513
580 21
487 852
1095 649
90 873
32 184
896 1023
705 632
58 1116
1395 1346
1260 1045
987 40
1264 1408
1348 724
892 681
352 325
1466 1043
1162 645
1189 1278
498 594
474 1034
843 1239
905 1424
266 72
802 381
838 1238
453 333
1458 209
190 305
3 1095
1133 1452
167 1405
1146 396
420 590
1500 481
252 1436
1134 808
1135 1472
1363 1166
455 1062
183 1208
1096 22
795 1051
393 665
1388 641
357 435
1277 774
951 979
532 1030
362 569
1280 996
257 1188
1400 588
1096 1235
239 977
135 615
1151 293
419 1324
12 291
932 766
663 804
959 702
1341 552
893 1136
1467 783
548 596
895 747
580 1002
129 1479
167 576
1123 1438
1203 1234
271 376
1365 693
1188 554
304 1225
1408 162
343 782
168 89
132 802
1049 156
38 808
1380 1338
574 1361
641 536
1122 915
730 192
1083 1400
159 1100
1465 1373
1338 399
1181 552
177 826
1251 2
575 1093
590 341
1212 525
1181 317
1048 874
547 669
604 1305
1499 753
794 995
722 1109
1427 1451
1187 881
374 670
555 63
1051 134
241 1429
517 948
296 1464
385 882
523 40
1145 577
734 283
1278 808
849 1472
1047 964
838 328
266 975
155 59
896 356
1477 345
1173 1368
1075 641
1162 727
853 212
45 498
622 119
1062 258
1068 1011
187 1203
96 1177
373 1122
416 1121
666 601
954 308
1285 260
1096 643
409 17
84 729
1247 489
999 28
834 482
1121 1231
1084 1402
449 1464
243 774
576 124
1181 981
1287 653
398 464
1190 1329
805 626
1279 1260
438 288
344 76
1019 858
663 629
1237 1202
932 761
890 619
256 1194
185 1327
473 538
1127 349
1369 1284
1173 1293
1089 888
1175 666
923 329
356 439
1268 208
487 795
1456 507
554 1142
1223 875
1253 1468
830 50
143 8
735 21
590 3
67 861
609 1321
398 1107
839 1485
1496 1082
678 1212
418 1220
550 1291
519 648
893 1086
971 363
788 137
1319 892
1135 1250
1239 94
410 326
824 809
1284 362
1473 616
258 1018
173 1058
145 312
120 692
472 854
1200 451
409 1253
818 739
751 547
1218 1379
979 617
340 550
1263 482
1025 1391
1091 648
882 737
1303 665
1156 113
670 267
1417 1016
794 84
934 1458
916 1208
390 1337
1371 817
168 1396
205 141
1174 299
966 760
670 644
1382 1345
1129 528
214 938
278 940
1195 212
437 1408
899 870
462 217
32 923
726 1423
651 347
1385 418
494 66
1325 971
751 427
430 871
109 1279
399 303
68 690
1398 1218
53 1069
72 1152
4 1435
392 597
707 558
1150 27
952 1113
108 906
1474 207
705 680
1433 1315
1186 13
1004 1267
1178 625
1453 80
682 77
268 284
78 600
1004 1099
1359 142
335 248
1338 604
577 540
38 843
625 389
118 1052
1144 380
1146 725
419 189
88 509
211 605
118 146
1116 674
624 1128
3 3
16 295
602 1074
743 429
806 919
1470 62
15 348
1461 81
1309 879
1149 1332
94 1417
552 1261
284 215
1376 723
1281 1239
1032 644
590 1134
691 1072
454 404
475 892
936 610
1442 46
1416 747
809 821
1035 871
1388 341
1380 290
1118 768
80 1464
286 912
1415 850
496 236
904 264
1003 547
356 50
68 44
1446 458
515 1372
384 128
958 778
990 432
571 129
951 1093
271 933
1274 627
237 484
201 1288
427 892
434 857
209 573
84 336
505 1461
641 206
60 92
494 205
444 1378
1419 1363
261 892
961 782
93 902
310 1149
964 928
769 1445
1461 1396
235 1366
465 832
298 625
798 862
1008 502
1299 457
692 307
699 692
1361 1343
811 469
404 713
130 142
477 733
1032 951
993 1469
1474 1113
1192 962
742 428
1194 670
911 337
1460 1254
1037 1103
664 513
263 675
33 880
893 1028
210 566
428 561
162 735
1397 470
671 1336
695 73
980 953
1389 780
1487 1011
280 1121
1143 295
101 1355
163 1081
872 1029
206 910
346 362
932 1380
505 1371
262 759
1046 16
433 897
66 1213
367 727
1082 1429
1091 48
906 946
1412 992
1221 137
910 865
435 857
1137 838
443 527
46 1120
528 1004
1008 722
1208 1482
604 877
617 25
290 49
12 299
1304 1016
207 740
1344 685
914 800
235 1290
71 267
716 987
520 314
1072 1018
717 1311
40 1282
502 503
876 1472
931 98
1452 1362
1284 1352
1108 545
117 727
353 866
23 96
1163 1204
1056 603
858 381
564 567
706 37
1281 1430
455 434
422 1164
721 214
920 106
885 1411
990 767
1469 93
1159 1455
1307 372
1194 86
286 1335
386 820
840 1140
264 1351
1344 915
1454 464
152 731
162 636
11 143
1404 418
1274 606
585 606
196 1085
61 408
881 630
212 486
372 1394
61 1052
765 1149
1195 1294
1450 430
1374 593
604 331
22 564
1338 1018
732 391
1350 825
2 493
1066 1480
151 1046
23 181
1432 1339
860 1410
1230 110
1262 1359
1138 599
907 1235
1016 650
1070 393
772 1256
986 1008
170 15
554 43
172 901
85 836
582 41
54 363
855 242
1352 819
51 1326
793 1291
1329 419
441 138
208 1413
586 269
1353 471
46 1269
1228 632
561 1345
860 582
682 987
96 977
525 1166
621 1390
983 545
366 240
1369 1131
1432 1041
54 330
210 227
1457 504
1192 961
1096 444
1152 1176
428 938
482 1467
1345 1094
275 1302
1420 1002
677 124
384 1171
286 216
1271 1293
1446 1014
279 1313
978 244
1110 840
763 995
218 1411
1008 289
1398 170
1474 1360
813 1456
470 4
152 1121
260 1183
1292 1363
1407 202
614 1084
60 1010
225 1281
625 80
106 228
1023 1301
329 180
376 569
735 869
91 894
1132 467
161 964
565 1333
530 352
980 671
73 1234
783 1081
1101 1031
1002 247
1229 487
972 1273
1012 1086
702 1068
1090 694
960 684
1426 129
1069 1465
60 400
1121 5
442 719
1094 296
112 1324
1101 130
103 68
751 883
1144 866
172 365
497 239
991 1059
439 1419
164 1486
334 1380
375 915
1192 701
659 1349
481 787
563 381
1089 185
1276 1170
927 383
584 836
353 271
1423 779
1055 583
1409 524
12 851
288 479
636 1264
1211 781
255 1475
616 1218
331 428
963 116
971 799
29 282
84 1196
733 1215
452 1319
176 859
1337 871
364 421
1000 1408
363 1427
1284 692
634 1075
783 1447
834 215
1407 1295
1154 459
1405 1331
639 291
1360 172
377 176
113 1382
304 1481
924 258
872 708
598 389
217 123
950 381
1430 1420
911 779
32 1320
330 260
1120 935
765 213
847 878
1312 1331
198 399
1317 181
266 1034
920 1273
1104 858
1069 89
259 994
729 994
520 1417
906 132
355 145
52 794
1428 996
466 1090
540 614
55 508
235 964
934 834
994 849
429 695
858 698
38 478
516 988
1265 172
204 1282
1167 55
894 923
1332 1321
508 301
37 588
574 320
206 1223
1175 190
1270 679
97 279
14 225
193 270
522 111
1497 894
1436 26
1382 1195
651 1254
222 53
1203 1142
79 1276
1404 132
770 599
941 1057
64 710
136 414
815 538
764 1358
1456 92
1226 964
417 955
268 41
214 848
343 707
422 679
709 1085
1252 523
65 47
335 879
851 566
916 1412
328 721
1478 492
466 551
37 981
372 949
1340 199
606 13
548 684
876 996
1166 1102
1113 1065
844 963
1191 1199
22 1448
865 1333
332 708
398 186
152 501
1445 92
570 129
1262 754
1187 174
121 469
659 968
785 583
327 701
1088 59
856 1347
469 1029
802 994
351 1323
1440 877
326 815
609 763
1213 464
156 231
303 1459
1469 1453
1106 869
1333 248
1006 1266
320 972
1166 926
254 329
814 1174
647 326
65 275
448 441
933 902
392 412
781 215
1271 233
1027 1476
671 931
1077 674
864 648
115 467
354 1131
1226 1315
983 759
259 824
198 263
410 826
288 1198
633 881
1309 1231
290 874
519 617
971 229
616 1304
1453 824
814 907
416 1053
408 739
213 1157
775 654
717 277
258 598
542 507
1292 909
660 1383
865 492
36 1201
1416 112
1353 1342
92 785
143 1398
365 659
869 687
194 1131
198 393
982 1426
901 1067
772 726
103 487
240 121
401 587
1435 236
1074 1063
734 1201
1455 67
444 197
167 560
1250 930
439 227
1125 1075
1011 1026
675 391
653 760
1071 458
567 506
1215 716
1112 659
1456 814
281 388
637 530
959 832
1327 16
516 1239
225 700
280 284
612 1032
801 1245
840 728
307 1099
623 305
746 310
947 1224
102 302
726 470
173 426
24 189
587 325
842 678
1279 1367
1294 1427
1426 782
396 45
603 686
464 238
242 479
625 260
1262 270
250 274
785 476
172 1
1182 1042
373 379
1174 86
124 1388
628 1023
469 1433
972 1292
1480 886
1215 668
794 733
674 582
261 885
84 188
366 1218
863 196
808 485
471 502
486 156
933 1303
145 1305
422 1344
442 307
338 1456
301 775
1358 651
868 281
148 415
601 1207
835 464
1137 715
162 904
778 1156
668 742
985 368
1230 4
50 213
846 1109
517 313
1273 681
873 853
692 624
144 1141
1494 1333
787 427
685 587
676 22
716 227
1394 578
510 1253
1148 1102
143 1158
143 680
400 1227
749 1215
779 1187
395 339
1436 1195
895 387
1314 362
1067 763
107 673
651 772
1096 1169
393 1389
1049 1208
368 83
602 519
946 1495
107 1173
1384 413
790 366
340 981
930 447
389 437
867 229
1192 1309
601 1209
982 602
722 1006
287 1175
217 431
697 1099
853 128
1177 93
804 680
868 250
705 1134
110 1044
1056 1296
1194 1315
669 1334
470 172
894 1012
513 455
1155 550
1098 915
565 1277
1391 98
651 370
788 1171
234 252
999 263
344 471
821 1251
1092 336
686 1267
1484 301
766 1125
439 165
56 250
689 605
1141 82
342 1250
1162 1075
272 1419
978 1471
1319 944
847 472
691 989
1252 1342
383 600
1233 703
1036 1074
211 135
1472 208
742 318
1382 1419
709 519
468 287
630 448
173 52
1167 1223
193 48
1077 556
570 520
683 197
404 86
639 661
729 560
105 754
108 311
769 300
1157 1420
1284 1006
1122 1255
575 1491
1400 602
788 1194
252 337
229 465
909 920
1127 1389
320 394
1244 87
404 1485
1105 558
432 391
780 364
210 968
502 607
1253 495
832 1229
1363 1067
1388 453
137 1450
1207 1221
529 1169
23 1225
499 1267
339 1229
728 384
615 276
247 583
754 853
961 983
1073 126
141 519
1159 1037
237 525
668 579
1016 697
1179 905
1277 779
163 833
572 1150
466 1413
1477 269
985 559
1322 1289
776 816
154 1033
572 516
917 1286
978 993
1046 1190
511 508
345 959
513 1241
1428 370
376 645
1048 1363
687 321
1267 456
1274 519
557 469
1067 702
894 1207
976 188
514 1365
839 195
882 984
597 1012
1391 1202
1460 800
548 647
1310 1106
615 772
323 650
1210 118
1043 1388
884 248
1041 1025
847 535
1031 835
807 1147
1420 520
73 250
975 1144
235 786
1450 407
557 836
195 1483
1313 88
699 788
226 977
430 203
1406 873
23 77
923 518
957 1299
633 1208
1342 460
1067 215
360 59
624 934
737 530
701 826
790 220
1377 961
197 807
280 1046
698 351
752 113
1301 848
1057 180
285 234
1408 1318
469 1038
913 73
580 969
919 1403
703 1261
1442 25
32 1078
1063 599
1002 222
974 837
76 404
573 300
279 312
1289 282
31 1348
1120 1198
1477 315
286 187
212 530
520 1172
878 820
1350 1066
1271 1052
1089 339
162 326
462 598
415 167
722 161
1472 274
1247 730
12 267
72 1238
1306 320
1078 32
268 1175
958 614
655 870
903 83
1282 1362
105 281
1320 1287
527 1393
576 1339
499 1448
546 150
1308 17
1031 1181
1445 1434
24 898
237 1210
851 859
1067 1240
875 1453
1048 1173
1038 53
939 1088
550 377
517 207
802 860
39 354
1452 1151
570 1080
1064 169
218 1318
94 780
499 428
1385 1070
936 835
204 1059
1073 297
862 1399
1316 240
1407 1392
1008 170
265 482
888 427
905 435
475 829
1076 1144
356 784
482 385
1040 522
550 641
644 370
230 604
786 61
447 654
1100 654
902 1275
633 979
1102 1446
631 1014
910 1424
658 1294
70 592
1299 315
1270 196
965 948
495 1375
633 138
1015 286
848 323
1164 782
1259 162
1181 287
895 1159
152 291
1187 319
1232 859
707 1153
1275 1227
1327 317
28 182
1157 1105
960 888
384 870
946 255
617 241
1421 825
908 507
1110 152
949 364
1212 1441
1258 284
857 1280
326 1216
414 972
1471 1026
1426 1035
79 1227
860 188
776 151
555 516
415 505
759 289
280 34
1394 418
1445 404
693 53
1220 1370
1298 1214
119 529
1167 784
355 1255
1049 902
1273 1357
359 396
498 277
1285 1381
1129 693
1121 129
11 1466
193 796
974 985
959 1486
1091 1032
607 1266
1303 1474
459 790
881 1492
1421 1089
670 895
177 1147
650 1335
1426 1478
1087 775
736 166
352 916
856 1104
864 1069
1463 1412
585 79
264 260
832 1005
842 1410
1039 1088
722 6
347 29
239 673
1371 177
492 542
241 130
431 1310
1372 187
1416 1348
932 426
185 267
835 994
225 320
1256 676
1002 112
370 411
56 1482
1130 139
485 827
1354 557
424 1447
1356 613
614 1307
707 752
1156 396
724 438
1371 212
864 915
1454 1118
186 234
314 833
1049 1234
871 1172
17 1069
334 280
599 1356
679 1215
506 1150
190 1289
504 22
739 962
650 779
1195 174
1017 294
1114 501
1290 830
23 236
1229 1325
191 386
591 891
482 1224
1201 136
95 330
1141 160
174 454
1236 962
277 552
393 383
541 845
1146 1028
635 1051
313 14
763 305
934 1035
1424 1010
380 742
610 283
1313 533
957 330
784 1070
859 1308
738 272
757 739
381 364
728 1042
898 1024
339 697
205 217
313 1144
1431 649
649 945
1440 1220
401 778
1003 1450
865 981
931 350
936 462
415 1023
137 359
374 816
1404 68
766 1439
156 34
936 1251
1090 1482
309 1002
1188 899
967 938
439 368
1454 1480
910 749
14 403
686 313
783 515
387 156
1272 102
1226 1483
1085 125
836 1185
668 836
1313 30
860 939
923 224
1081 928
157 233
623 1002
426 807
205 57
312 467
122 289
25 82
524 538
613 1263
1445 1189
1104 1217
211 932
827 1288
39 1223
39 931
399 882
1214 577
861 1253
460 1326
1161 472
674 1214
1171 449
73 1168
365 1407
1477 661
508 695
260 507
392 1102
1191 1021
1067 695
936 1193
16 977
691 985
110 1148
343 57
640 548
316 777
731 698
176 667
1010 475
899 900
762 492
1472 607
1295 852
665 712
364 734
1022 1170
539 1007
135 692
1316 260
341 1099
68 605
96 1353
193 688
1090 319
1477 833
310 1388
1317 1256
672 1361
685 1177
1022 193
1329 653
629 618
126 1313
795 1415
1015 344
1016 1105
116 1303
399 1417
462 25
1471 1015
1149 1189
71 413
914 106
936 1468
1176 625
249 809
791 64
9 528
1473 832
854 388
1268 1281
905 731
432 1130
579 1237
1322 1282
691 1317
1031 1195
17 1132
832 975
1263 501
358 168
1491 1306
522 117
954 514
142 562
36 261
647 1307
352 860
596 1298
863 397
452 241
450 455
1245 1251
493 1228
1309 770
1399 572
1306 930
119 1358
1401 519
1384 146
630 1425
1438 105
652 917
129 78
369 743
1184 1362
61 1282
1379 78
869 1185
614 586
862 1364
1162 453
844 304
541 197
409 964
726 5
542 383
1151 633
178 915
556 1431
553 293
985 827
1181 768
1276 594
453 1369
200 836
167 1248
1098 1180
756 1384
290 749
617 1352
562 238
649 902
691 772
378 966
977 164
1470 476
187 704
360 1136
1027 310
1495 675
1496 940
435 1367
189 36
982 607
1457 1040
194 1317
446 515
1139 1280
699 150
1107 1106
440 409
635 200
408 1062
405 1450
78 916
742 1183
1317 973
1419 1392
1412 1058
583 337
263 717
484 1336
1260 654
820 859
1295 347
83 1462
141 753
400 1241
1015 343
1024 492
827 494
1482 1005
375 96
886 992
336 1306
1165 1338
987 217
1227 263
734 1336
1124 1045
373 240
751 1415
1071 1454
153 1436
882 841
1315 1369
1235 457
432 29
1087 1136
1041 1154
1055 84
602 606
425 1294
114 1138
1097 897
1420 196
1040 428
894 928
80 466
866 475
801 1336
1108 507
82 992
418 1111
853 353
1064 1075
438 1055
1393 1290
598 102
134 708
861 1108
1066 187
737 1143
882 174
466 1049
1428 1019
1384 710
1203 1022
304 633
182 355
1172 1023
1187 827
852 605
226 96
905 1224
342 834
318 766
188 133
906 1205
1408 624
1031 1321
450 1061
12 921
258 415
1337 746
1047 637
936 1090
297 829
647 1372
1093 365
871 1053
148 319
1420 1155
577 288
711 791
1187 1435
117 1377
359 751
133 1440
335 1494
221 36
1301 1254
1149 935
578 1193
762 400
175 1314
1223 940
93 1404
1239 743
277 507
270 1008
724 742
1129 828
989 834
717 1256
574 186
584 1023
1096 1184
1232 1341
1272 1040
112 75
1410 497
746 1077
1064 296
1086 698
1188 1134
1374 488
143 454
747 1039
836 283
642 108
45 451
753 1234
964 460
845 245
877 74
679 371
228 504
282 152
507 1012
1087 155
111 644
396 880
600 1122
243 1202
702 1148
1040 408
174 7
1382 175
1334 59
350 1294
478 834
33 46
348 1345
570 790
151 551
1 1252
400 927
238 1059
742 327
1425 1148
184 175
242 804
585 759
233 96
144 155
802 1152
250 857
720 934
410 950
1403 1358
1295 1438
627 999
361 414
784 241
9 716
12 482
687 346
1008 653
1035 205
1280 566
480 1237
710 891
1406 158
1166 983
622 241
636 616
468 97
1206 425
825 1185
1320 1110
687 650
1142 989
1462 883
1423 741
1344 389
1073 968
61 842
284 1147
710 830
1060 1419
676 876
322 641
1434 1183
618 1169
428 52
1077 1199
478 593
1062 78
1109 1448
1074 1055
188 470
461 412
975 292
768 105
1373 1312
350 616
389 509
1495 363
1268 1308
172 288
1058 503
1032 247
503 832
399 128
320 955
882 528
1070 1209
988 1420
582 973
929 744
452 73
1152 1407
515 926
714 613
992 1369
118 311
387 1294
235 1034
909 315
919 650
547 951
990 642
119 297
342 977
1327 1083
207 269
843 1112
894 1024
476 198
820 656
675 174
440 648
759 957
542 417
1405 483
1460 351
1174 879
1230 504
563 1275
727 1151
740 800
1214 3
1185 22
1423 747
1015 1148
612 246
1200 266
520 723
647 936
824 483
1147 772
1199 1088
742 389
1411 438
657 331
839 533
1259 1306
1340 114
923 1242
1073 839
324 1462
859 925
817 1142
773 346
886 195
1285 652
974 353
760 445
1341 660
825 1488
778 887
1470 853
1271 1379
1350 694
1181 889
819 357
140 983
604 1024
902 681
1223 239
1332 270
154 896
779 287
1295 1465
213 871
838 1335
389 1134
899 141
1216 806
714 1335
1218 947
636 1133
801 270
1247 576
885 303
289 691
205 1273
38 1424
17 1485
544 1310
845 748
96 1294
1287 966
288 798
102 42
659 802
223 1290
341 483
9 385
925 563
416 250
305 546
1 1193
397 1055
1374 1068
791 1302
145 1150
1099 302
720 207
539 1136
797 1409
1098 754
592 1205
239 90
1114 279
1253 1300
331 1491
969 1107
649 1312
124 877
808 235
40 922
766 1129
206 502
1468 22
869 1282
366 430
698 660
60 1398
252 616
1018 84
483 531
540 601
958 148
1359 555
258 1298
607 291
30 929
478 885
1113 1409
1022 991
847 769
643 157
1411 1258
1456 1398
717 831
656 692
1320 917
661 509
881 1327
301 1062
1200 507
1417 1459
475 1117
75 1186
1252 738
23 1361
1043 73
858 285
262 1326
1248 800
1490 1276
36 1027
1184 1241
686 1078
792 661
58 394
57 1311
676 1132
597 380
1208 300
1053 34
1366 797
546 634
1230 960
1127 1231
1451 1008
143 1146
683 869
118 811
245 350
300 1458
1390 445
138 607
388 1093
929 527
161 19
1197 1187
52 690
936 88
79 165
180 494
1038 863
1104 55
143 1370
162 1355
532 321
988 745
469 512
281 985
746 1471
764 1186
506 1159
430 504
1297 1136
1029 626
1041 1212
1487 26
1260 613
236 261
1038 1418
924 1094
1051 1340
1466 815
1431 272
41 379
1138 222
1416 837
1487 1264
951 46
12 829
1176 1365
721 57
1404 1451
1159 477
385 629
263 1489
1341 695
967 1370
289 1429
1073 683
940 1028
1048 1397
294 591
252 506
1377 827
182 942
891 1193
485 1416
1178 1325
264 760
1133 1279
418 515
653 182
1172 1444
677 908
953 775
1342 357
211 536
222 153
350 957
827 1093
1087 554
821 1422
383 413
1161 605
62 1145
1438 774
1115 608
347 1268
466 1422
973 215
201 906
639 1097
348 1436
920 1471
628 1261
374 903
923 902
1141 828
334 972
14 718
1087 133
826 28
1398 1432
651 116
1284 1235
215 296
372 154
308 840
150 1469
704 681
1249 122
340 234
1233 481
1376 642
478 445
928 420
880 439
230 147
136 671
1085 714
263 552
905 733
102 1229
172 1282
1106 794
117 370
1059 1284
536 41
773 117
1059 877
1131 132
1492 959
572 1404
1311 36
987 830
750 1014
1146 1368
176 400
131 169
1500 692
1024 939
157 64
1026 1200
1448 96
337 382
316 157
474 1185
17 1172
405 1328
283 1438
697 851
1282 401
1159 555
1008 665
156 1297
455 773
1392 1238
758 949
456 1056
428 139
527 257
228 826
141 812
507 610
340 1370
91 939
237 255
804 834
592 767
1409 1330
1107 976
1362 549
233 1404
842 642
1314 1125
1024 987
271 1449
923 971
1234 253
907 1357
1276 858
858 517
851 1150
328 637
857 533
579 77
762 880
548 1108
208 32
563 1046
717 1304
173 918
455 1343
573 725
1340 169
1172 566
1367 237
1262 1189
99 1409
555 1387
1495 796
682 1431
776 284
1297 995
1152 631
270 1323
452 823
815 1023
1229 83
1314 1312
1475 390
1067 568
1414 551
1218 815
782 978
604 907
1350 665
530 816
1141 399
622 73
622 1240
871 47
1143 1063
1388 3
129 1136
1065 800
187 937
1359 539
344 327
841 139
974 783
739 773
293 1155
1391 528
1385 271
790 742
414 572
906 847
198 665
1142 316
709 922
832 1229
1280 250
664 427
198 553
985 200
1261 1334
505 905
1490 176
284 366
933 1003
694 71
87 278
327 1379
529 779
1377 953
283 531
994 702
942 686
99 1449
936 1238
320 571
1298 1432
41 280
630 172
1143 252
1003 1367
1305 631
783 612
1334 946
725 435
92 666
1419 220
986 560
494 819
395 404
77 674
76 872
1389 1354
976 1137
1380 320
1198 428
1081 335
1027 694
631 1302
123 1350
1288 447
1183 376
691 923
325 1495
1263 479
397 228
426 228
115 555
450 999
517 788
938 395
1402 150
1070 1139
1081 1188
202 873
1282 785
16 613
987 130
996 1252
1260 1323
1449 972
540 1402
663 101
1446 23
1021 1118
917 1385
145 230
372 944
314 903
338 922
1298 529
506 564
424 1483
1111 896
877 338
1117 1031
1488 1099
656 945
1336 348
501 910
779 561
578 1289
1076 1133
1250 1100
9 507
7 1251
699 1033
557 34
328 219
1340 1090
432 1402
1189 1096
1088 713
910 861
1220 814
436 354
982 1278
447 339
1476 431
153 303
183 727
875 71
35 1
997 1137
88 283
1101 125
822 1115
904 962
525 596
1465 1134
355 850
443 680
1332 519
333 228
773 1388
941 793
1309 699
591 1255
612 450
7 547
1061 217
1119 596
155 602
590 789
1020 970
1322 673
583 1129
45 463
816 1283
1083 1478
634 5
717 394
1185 215
1241 1318
86 88
683 197
65 1288
128 271
174 1011
470 1237
1000 1182
1348 1341
1382 1095
648 1425
150 89
1006 1083
700 78
1047 602
865 639
564 272
663 770
374 607
1246 388
519 107
244 1296
1458 145
260 1099
1275 698
1324 1322
715 784
675 235
176 782
227 1438
1102 1424
32 303
505 209
1465 1165
298 1220
207 48
201 1175
892 1060
325 842
14 339
632 977
1275 389
369 665
1229 600
840 648
386 122
1341 521
182 1135
566 978
160 412
1127 1370
96 1406
296 507
39 557
78 832
426 616
954 1469
497 74
607 944
1098 1296
619 36
126 1253
162 1413
871 1303
551 182
722 695
1187 391
501 877
640 295
1341 1355
699 331
34 12
470 890
1474 1017
634 756
1284 311
1400 174
1059 4
815 1191
1040 240
187 773
1049 256
649 848
462 837
772 28
1366 815
1098 534
1131 1210
1175 1416
323 451
920 1190
577 1252
256 266
628 1382
522 633
107 256
1010 1431
1393 389
1033 484
424 1330
1192 573
1145 177
236 367
710 1334
1326 1344
28 848
778 1454
1040 885
206 529
1438 1484
185 165
518 1408
265 369
835 1310
1334 173
117 592
1189 1438
983 1008
905 1160
418 1408
414 365
713 1327
156 116
809 561
1410 1021
1285 1481
1413 664
888 1416
735 718
891 452
678 941
1035 587
638 888
215 1409
1373 798
1291 931
579 967
737 945
798 764
725 444
745 1077
1108 278
1030 714
45 37
960 827
1321 254
59 497
1129 1247
839 437
874 687
1084 200
733 617
486 470
681 1241
239 1109
26 1038
826 1134
704 327
596 1326
489 1433
757 6
1476 221
374 1425
451 1316
693 299
784 86
202 528
1180 741
190 907
1301 1351
353 733
422 655
1046 842
189 299
1234 1309
1392 2
178 1281
1441 508
1407 1045
1317 770
1247 170
877 432
967 172
1069 859
583 797
132 845
875 1254
184 723
872 728
594 398
1134 3
203 194
1345 184
324 444
1142 628
172 1117
1270 332
792 230
323 1449
1114 787
866 345
1047 1472
148 716
152 758
956 1176
512 713
43 812
901 906
808 1101
876 1433
1255 1131
714 477
1377 147
493 1287
857 59
473 1445
1095 285
217 239
538 957
118 1101
451 1195
794 896
620 1196
1117 995
1267 1046
322 1086
1190 542
729 914
1465 39
410 32
143 989
1249 613
812 1435
995 883
1463 1055
490 686
1392 1100
786 1454
731 126
1445 1116
241 530
569 924
1323 337
436 324
881 1142
349 756
667 1408
1474 367
111 538
533 535
900 84
705 26
32 491
146 1167
1294 1280
848 656
838 1285
1018 526
894 51
783 1075
549 50
198 1309
1442 1240
308 795
572 147
467 1389
653 217
881 909
1294 588
150 248
486 64
839 621
1315 280
