1000 1000 750
163 928
887 602
298 931
9 916
136 889
914 991
340 224
431 849
854 833
66 552
158 324
99 467
393 850
651 774
677 367
818 6
118 290
656 74
442 746
1 841
734 663
201 182
780 361
86 981
292 17
373 217
687 435
525 435
514 28
832 921
255 958
632 569
224 125
70 288
381 733
269 691
509 922
877 721
296 252
484 747
883 429
431 321
845 848
686 771
694 559
965 984
776 721
574 470
149 974
52 583
592 280
347 349
696 881
75 178
534 371
500 166
671 32
659 901
845 734
666 156
465 982
293 776
667 234
49 364
802 153
159 125
638 408
550 971
18 830
471 334
312 948
930 626
341 247
949 417
803 843
69 756
133 798
765 174
557 559
43 28
834 761
754 597
357 704
90 218
650 262
116 529
507 42
1 948
672 606
163 841
699 643
723 662
592 179
496 852
546 731
969 996
561 675
282 610
415 771
939 437
857 492
583 63
467 921
575 328
380 344
910 201
993 224
864 391
445 416
459 111
222 186
736 208
995 794
147 481
129 223
621 624
941 877
523 428
492 685
23 504
630 362
876 813
336 608
528 106
673 962
554 963
653 160
594 619
829 36
152 383
303 111
884 264
265 997
597 180
329 554
965 218
872 175
129 969
702 877
367 188
79 741
848 955
306 369
812 841
234 299
789 142
213 920
356 480
521 448
480 51
439 332
925 890
544 700
544 848
29 773
953 768
643 572
737 909
354 314
883 327
374 699
383 771
318 572
489 477
498 993
632 941
738 128
899 827
498 157
534 648
513 987
466 130
881 756
34 852
17 861
793 752
805 129
194 658
231 945
375 234
671 452
979 669
350 841
787 713
48 862
462 283
656 579
742 615
813 768
31 51
66 456
132 425
276 25
265 175
356 337
610 492
708 543
235 89
671 962
681 329
56 898
717 14
540 673
465 34
420 766
435 656
243 366
422 61
190 55
344 781
969 506
975 990
38 28
20 251
480 202
241 142
158 622
190 478
986 922
439 592
169 608
818 725
718 387
181 416
823 478
844 842
841 247
216 700
736 248
211 864
734 10
55 893
84 989
102 805
342 81
580 836
33 690
161 167
768 996
500 399
260 427
705 105
602 300
890 19
182 70
19 636
461 935
791 289
656 476
713 744
924 577
285 243
518 537
204 586
13 363
110 445
968 689
578 669
822 102
713 430
868 627
961 796
152 878
685 398
989 415
674 867
152 432
996 831
838 905
318 162
344 710
921 446
319 933
156 788
10 855
25 57
143 603
73 370
981 873
877 857
23 274
381 538
909 705
726 527
853 702
172 851
775 927
736 815
877 27
298 152
273 453
895 113
697 121
141 826
846 190
676 13
83 760
911 744
968 465
368 196
149 715
745 617
436 188
686 156
39 799
177 494
537 955
501 50
105 242
244 346
24 376
612 999
700 758
956 267
397 986
492 28
84 861
786 280
388 416
17 904
384 244
276 306
780 141
921 959
816 594
56 525
943 843
354 978
414 143
695 950
495 249
815 291
717 367
138 508
226 207
412 927
493 766
776 944
479 399
557 564
844 556
358 471
430 643
722 378
485 784
316 252
140 891
926 484
173 166
174 368
908 558
435 501
360 275
720 908
70 149
846 109
144 805
313 147
627 189
785 4
750 661
472 371
526 339
603 115
966 350
434 858
724 335
513 303
391 13
921 26
668 900
17 7
920 648
53 887
664 52
57 963
572 689
735 765
970 109
180 573
334 666
553 916
31 208
276 257
229 545
71 534
55 726
192 30
393 203
280 965
770 59
24 644
995 89
636 479
995 933
899 677
712 824
343 715
945 428
599 566
111 658
460 227
377 369
129 628
838 288
459 642
140 288
464 858
880 329
356 109
127 640
726 919
161 497
977 860
381 719
134 842
927 701
559 863
303 360
183 840
683 403
213 562
772 182
750 161
406 500
754 155
840 736
687 32
572 260
858 729
305 853
69 417
995 966
82 868
596 343
205 147
524 73
423 265
876 273
711 918
561 975
291 133
755 283
780 355
485 563
7 143
951 498
312 865
886 504
386 8
902 722
489 283
366 918
296 227
905 382
701 724
773 142
586 719
580 355
648 125
856 235
724 298
572 107
91 235
909 512
594 709
247 797
173 284
612 390
601 140
991 415
246 872
103 773
684 597
759 318
582 801
730 903
524 430
971 962
906 917
171 570
454 992
348 877
703 481
282 460
945 128
274 410
533 397
466 527
140 338
407 984
244 244
862 948
356 510
26 621
25 394
124 321
171 709
985 285
802 270
93 45
330 611
421 650
941 591
770 920
575 748
825 523
701 353
656 902
271 560
123 863
37 607
988 842
373 792
345 992
554 127
352 788
560 936
445 83
316 211
788 893
49 477
129 916
133 204
532 488
194 342
643 500
760 287
880 209
759 405
106 684
834 89
71 991
424 181
710 281
621 148
122 194
493 163
51 912
80 282
127 183
792 382
822 120
695 486
595 161
718 400
166 373
552 312
894 895
62 12
588 232
635 743
842 363
967 776
491 466
73 870
220 583
94 306
784 800
182 769
209 391
141 197
602 165
167 335
594 955
229 203
898 85
444 615
336 363
788 905
252 341
574 357
735 883
503 328
772 214
209 259
983 207
153 743
922 753
683 2
270 973
929 372
462 611
963 841
478 631
16 138
347 247
106 402
581 280
208 474
495 496
581 465
24 652
573 308
649 702
328 158
286 226
55 140
26 85
500 536
194 827
758 191
244 724
825 313
449 74
804 125
317 305
916 70
368 299
166 814
100 103
874 278
206 885
43 639
842 833
466 488
216 594
651 28
755 326
399 175
215 932
848 653
26 885
531 983
707 71
216 139
599 624
477 598
299 755
184 433
252 834
11 606
586 209
450 373
795 451
912 999
300 619
623 550
169 96
391 407
942 462
773 117
366 389
565 347
264 440
955 726
986 645
266 357
14 516
391 326
969 269
192 334
922 346
894 884
952 726
290 338
28 833
404 49
477 250
246 472
122 528
295 346
242 196
755 969
671 582
664 18
377 490
107 23
911 719
113 610
233 724
58 805
593 343
431 323
567 316
652 658
507 502
313 480
822 741
122 87
489 940
758 911
359 229
173 590
575 948
131 198
625 117
745 403
609 18
554 943
257 909
379 116
705 430
588 894
698 970
907 426
905 65
880 183
591 226
2 72
68 181
200 178
563 852
837 872
129 215
154 601
655 155
935 331
272 734
549 134
996 857
866 479
746 218
175 935
636 5
246 64
956 399
477 180
717 215
336 505
668 234
555 229
837 161
44 154
746 504
39 926
982 93
171 497
624 339
730 964
443 83
790 683
306 606
926 238
17 681
632 874
470 14
256 334
631 363
127 797
365 185
127 664
245 770
154 837
416 952
787 288
592 415
732 36
699 294
262 309
