1500 1500 1000
1313 943
1126 439
1257 110
1441 721
1329 1078
934 180
627 914
551 1430
89 862
597 782
1038 786
1151 1494
975 1271
1102 654
575 131
1303 1381
1451 717
1065 789
15 5
1283 1225
1085 1351
216 1090
366 1378
1311 214
658 892
142 1001
714 289
97 555
1424 4
1103 960
1394 558
1058 1302
1173 794
777 1028
196 664
431 988
598 219
294 1067
1353 141
662 1214
941 1086
1325 841
257 1476
1328 1336
37 209
1384 210
277 320
934 153
774 1178
592 337
867 53
1246 1341
696 371
862 327
1082 469
368 1409
1058 728
365 1240
117 513
20 330
1112 1328
587 1273
466 639
712 978
683 1476
1371 636
528 214
539 1228
1034 1038
1090 346
1251 433
1270 984
168 867
948 679
1236 782
1359 1432
546 1105
345 920
460 412
239 147
600 1241
298 1268
4 1330
1327 170
153 201
807 588
63 629
775 317
1189 79
1429 666
160 1249
1000 78
559 287
894 461
631 432
579 1274
996 1168
1317 418
313 480
853 933
1268 148
1185 1032
1262 457
628 1126
650 79
911 1445
992 872
284 1040
1402 983
690 118
511 1289
809 442
708 1002
924 1398
965 438
413 151
8 342
156 1419
437 1141
1328 94
770 727
108 1003
261 1149
745 95
332 1144
201 448
97 1321
1120 1268
500 226
691 1408
819 626
896 700
217 367
564 997
658 665
32 1318
583 808
1382 1414
1249 631
1431 238
561 539
1495 207
751 582
777 926
1311 313
1498 1132
870 1402
529 818
130 588
1229 22
987 1097
1214 761
641 294
1374 120
1234 181
36 53
1436 204
264 458
147 1330
619 898
442 238
497 1397
517 553
936 1107
1340 701
655 1057
1070 1125
1093 23
354 1236
1160 389
74 473
39 405
1434 1197
996 1079
1008 1124
938 847
513 166
1375 913
161 119
1366 1243
1003 593
685 1160
1109 185
1474 1304
512 439
788 1235
1119 1050
17 1021
1342 821
506 944
1462 1231
1439 1162
747 957
170 289
991 1191
707 1236
1370 1485
473 1081
451 1210
15 1053
1203 1054
54 496
372 540
1240 1441
849 1190
604 1090
773 417
1162 1074
757 1174
968 624
172 1015
1341 1156
1326 636
189 856
813 446
648 1345
840 421
154 430
453 286
976 169
83 1328
1296 1073
977 1473
1009 495
779 585
1254 865
1111 382
1034 186
395 187
1235 1287
537 158
580 96
811 1074
20 958
547 130
972 1098
740 472
1076 1116
695 578
1482 525
20 107
608 1459
347 272
506 1018
640 565
1357 280
109 1066
299 415
580 631
143 359
1268 347
1220 655
1219 74
858 1072
641 518
105 345
17 1184
1286 455
1259 1289
92 9
558 971
1268 201
1075 387
558 1341
1134 712
565 920
430 1109
73 852
517 1481
795 945
613 20
725 202
1174 1167
212 809
48 453
280 222
545 132
4 468
1317 223
1360 502
1270 910
424 52
187 176
366 1466
549 22
39 599
746 1044
546 64
850 1281
646 1237
1479 156
1203 1053
1320 433
449 365
670 819
373 30
1076 588
157 140
861 980
467 116
640 540
1026 510
172 1362
589 1292
354 1141
1412 1458
177 1310
984 426
1408 574
603 1474
598 904
1014 394
455 1171
313 504
1455 329
501 1126
1202 1263
28 461
655 862
1473 528
1482 1099
414 1469
588 1343
712 1274
1241 1138
494 1269
630 1336
731 673
888 814
10 47
794 263
995 1136
22 1069
761 250
32 108
742 1430
1445 1201
1395 130
926 387
950 588
410 805
558 627
228 664
422 159
806 342
1373 483
856 66
650 255
133 1203
408 1254
73 1235
1457 94
400 1256
749 929
586 406
726 756
1452 620
1458 1088
1134 521
858 308
1279 1031
458 1258
843 1042
121 34
307 1280
555 224
712 1473
974 578
1438 91
510 26
320 240
1025 27
166 939
152 1468
399 1333
1428 609
1421 156
393 709
65 95
149 1209
928 1281
1200 1207
1280 277
1047 1132
1292 403
516 268
1353 717
346 144
822 157
1318 638
1019 378
1254 449
1024 630
422 1452
828 666
1385 172
619 413
553 1358
17 332
867 808
778 1339
781 1136
339 829
510 519
505 598
334 99
282 1239
1311 104
505 1272
12 982
99 637
249 1020
1176 186
480 454
1039 200
371 1128
1008 545
246 10
384 1405
640 484
1102 1443
942 535
1008 719
520 1375
660 1094
313 921
594 525
1026 372
1497 644
534 1207
519 770
981 2
1249 973
1243 254
434 1359
1040 4
1267 1112
487 826
245 1200
968 545
704 1333
1171 743
230 454
1059 748
956 216
1263 301
251 274
540 1333
646 172
1236 1051
199 464
1251 1042
769 188
937 1084
1470 352
1372 490
623 1105
616 712
465 821
484 1217
81 609
227 47
897 712
945 1173
346 465
1229 1223
478 1140
145 686
1403 1004
1412 124
890 209
283 998
926 1233
322 170
1221 1280
674 802
882 948
134 614
536 908
1339 1131
230 1441
482 924
572 616
1496 465
347 1059
708 759
1141 1182
237 202
4 18
470 856
1353 72
829 1219
577 933
1032 966
1044 803
1163 78
638 716
822 306
1159 462
506 178
898 1454
993 341
847 1415
1095 869
267 879
1384 1013
1421 930
851 1465
1410 739
213 1375
469 43
248 1482
181 1189
803 471
1349 1388
1295 421
311 156
70 1310
536 479
764 900
776 33
484 438
889 1264
1135 822
795 1018
1044 961
191 849
1434 1319
516 969
783 1377
48 924
790 126
1100 1078
873 105
1288 476
285 1293
1126 1488
598 1418
1061 552
850 1392
14 712
755 783
378 493
1158 702
1367 839
48 1438
858 203
591 590
1202 1191
1484 1027
408 1069
333 6
1166 590
1234 1395
950 420
54 1483
1111 514
568 18
783 1384
987 234
1270 731
1420 51
730 1186
1283 1072
1260 156
893 1052
995 910
676 1242
1216 378
952 1087
378 1010
543 1317
359 1326
241 1390
165 172
870 27
400 779
60 171
56 1235
17 1328
999 525
550 820
1444 1311
831 1282
1115 530
1400 119
1315 1128
647 848
278 780
1112 687
76 727
1422 762
29 460
484 1257
581 1276
545 214
895 1329
384 355
945 232
1037 688
1184 1386
1449 779
644 420
1229 1311
312 711
614 180
1364 1107
1335 886
1159 205
1188 1184
311 872
1376 779
1412 1224
1211 308
530 257
103 906
1215 255
849 71
1369 292
1182 1015
148 1416
1463 574
889 426
1270 1471
1000 655
1220 1249
332 366
877 130
649 1019
895 364
1065 626
1160 235
59 393
326 143
1054 598
716 870
491 238
583 173
199 190
479 1469
560 321
132 180
671 448
97 1420
314 926
872 1071
675 423
696 1104
749 367
1245 1266
1435 1333
1107 974
773 406
1178 205
383 201
356 197
637 516
992 1041
231 1349
995 271
329 288
1050 77
229 912
944 756
1289 502
734 841
289 624
1369 411
1189 736
1184 1386
324 1021
1263 90
1313 303
1035 1143
1471 280
984 289
328 70
37 717
1014 769
1136 995
958 1001
1106 804
155 205
61 363
1248 787
720 1083
281 300
440 1336
108 1364
655 499
968 1287
175 117
743 1283
949 1156
1038 1130
190 1345
1121 1096
987 854
725 467
1400 212
957 1443
664 609
580 424
42 576
1304 1379
1250 689
187 573
1140 1268
728 83
841 454
201 1331
1492 859
1142 989
25 89
587 890
764 917
729 297
979 576
769 767
753 1068
187 433
602 657
5 134
992 1185
61 84
907 111
203 1297
766 192
468 401
766 247
1169 721
353 499
404 640
668 1436
1386 24
37 98
885 1470
661 1182
257 385
602 280
994 1295
17 743
176 1490
835 496
1472 727
877 1033
967 974
1226 952
66 429
932 1361
648 883
60 826
1440 1453
512 726
350 1336
51 1353
933 903
476 1197
1441 607
575 1004
794 248
994 1382
897 60
1071 910
1402 1392
943 974
260 1491
1187 746
1438 238
511 1355
1011 1106
882 485
752 1294
1008 486
1449 980
1123 1279
1049 899
452 396
1340 263
1341 1144
81 664
86 1276
861 902
1276 284
799 670
778 582
549 83
955 662
159 272
362 1270
739 166
846 293
1322 778
157 405
67 1239
803 499
1354 534
1203 751
1031 131
130 84
920 353
17 950
673 1095
331 475
584 606
1204 101
937 467
684 982
797 929
575 18
490 1352
1277 334
734 1081
719 390
1114 266
298 508
225 514
672 513
624 1198
545 57
1101 1419
22 1015
1019 1216
718 591
45 621
167 855
221 686
492 1433
341 149
857 235
98 859
783 434
1170 1418
315 1225
64 740
9 30
910 1144
78 1495
767 250
583 255
899 529
589 632
284 505
1455 332
730 1272
1143 736
928 570
150 25
802 924
649 1323
711 597
8 1357
72 317
1451 1174
1278 195
468 558
106 426
53 212
1084 425
207 964
951 1143
352 582
1202 575
654 673
274 1317
1340 1211
124 721
818 138
71 61
549 460
1341 1105
920 1236
259 272
535 620
43 1294
495 404
1001 481
427 401
1386 598
1043 183
373 560
1398 1348
1363 1064
1182 178
1415 492
507 197
1287 990
1124 1058
578 922
1195 1224
539 1284
1368 1308
951 871
722 628
623 447
1146 394
1193 1358
213 688
1293 631
1244 279
527 903
1494 1216
1220 260
1283 443
23 1368
257 508
1059 1320
41 841
1491 396
827 236
1321 618
238 1310
1315 846
411 1405
60 1384
893 24
1324 754
223 698
88 1261
1345 111
21 263
45 295
247 1052
238 1437
1 1354
252 202
364 367
939 963
606 1441
385 1384
858 228
672 122
674 408
1140 1387
1055 171
759 619
1357 67
366 43
435 1357
864 970
759 1057
1131 1219
220 590
982 394
848 1354
651 312
689 383
1289 1143
448 474
1258 227
1034 284
1180 34
842 1275
426 934
503 211
478 340
95 378
1265 1402
1382 819
823 514
1062 1138
1201 511
1067 534
1101 1482
959 183
1493 1425
1255 1414
769 888
593 496
119 305
1080 459
1068 1317
701 1268
674 389
497 1286
456 1364
483 581
1211 19
883 1151
1191 1387
338 283
1437 1255
60 892
621 1065
330 65
246 1259
920 15
719 375
1147 1128
606 534
1500 1047
952 30
1 1482
777 789
1190 943
1280 491
1430 212
606 1243
984 1398
1104 1282
