1500 1500 2000
617 682
566 443
1492 820
498 958
546 1464
776 137
1049 1160
668 981
1018 17
599 800
211 21
691 415
1303 728
765 385
234 810
146 525
893 214
1271 1491
529 877
392 644
433 1161
585 493
671 1414
1475 1287
332 460
1224 1041
920 187
1494 913
508 1423
1131 956
976 338
418 1285
1133 872
315 1286
1487 1328
248 1328
565 1094
928 752
238 113
1341 203
96 1395
14 1002
1396 1335
1328 1419
60 683
1065 117
889 994
943 394
842 798
779 832
210 187
882 961
414 1171
374 588
214 227
218 1449
98 611
1071 201
1095 87
687 1040
1244 1305
711 692
1122 1175
1145 19
483 41
1246 952
878 936
394 875
737 756
410 1239
861 1360
994 530
851 1099
403 224
584 1186
1453 1080
359 529
342 693
927 1324
1441 932
732 1048
1069 1156
1119 254
520 531
569 940
1305 1111
449 10
1453 141
1334 1033
796 1085
1321 1404
100 1196
1177 71
1342 360
508 1085
1205 834
353 869
1339 662
1276 765
36 1228
394 1484
1206 1330
480 1214
336 1155
1031 962
579 1390
1344 293
1030 556
758 786
546 1244
173 1118
1158 1057
835 1220
382 1387
786 93
1442 774
289 467
1382 1489
499 1057
1189 747
1382 977
946 752
1182 1197
933 718
583 739
1135 607
221 327
160 227
833 463
1190 112
1397 1482
1438 1098
1328 1238
924 848
17 1394
1469 1213
936 968
829 200
1099 1000
519 189
746 1105
1084 783
949 232
1459 111
451 604
600 175
1384 637
1201 20
1177 17
961 1107
425 913
692 798
1044 1264
355 844
162 747
590 222
602 1277
726 1086
281 70
296 1038
810 819
183 433
945 829
465 1078
1144 556
445 606
162 1202
815 397
130 21
521 645
65 1201
169 1067
276 1099
1292 174
440 183
885 978
913 870
212 574
66 1409
543 115
1063 714
207 1129
1189 1245
424 51
1243 70
50 726
538 1018
576 199
174 1210
51 888
956 1441
1367 1214
748 1455
519 805
796 1091
943 1200
892 628
15 1099
50 1186
920 1163
770 1048
211 697
302 1302
1070 399
23 1172
702 1384
1315 943
1415 1367
280 1134
1371 1052
659 207
1049 675
90 1237
530 678
1188 170
248 529
663 810
23 965
828 589
969 1118
755 286
774 914
286 957
1099 60
431 689
912 706
1058 11
778 1148
806 926
648 136
1081 800
1354 962
1046 389
1367 1113
714 11
1444 41
395 875
1334 634
909 1443
13 98
667 1226
1268 962
1183 1412
32 1281
554 707
20 951
635 359
428 1094
1148 1125
1298 1311
458 389
999 787
782 317
331 612
779 1306
703 1120
952 101
448 842
896 467
44 901
1144 719
651 1413
927 377
544 627
1080 745
449 1445
333 333
518 900
1172 973
288 84
526 1493
715 822
212 1068
1222 108
426 243
1051 1289
560 1387
704 163
557 838
240 751
1106 1382
136 737
439 209
1193 1241
1173 762
534 78
316 1303
775 509
333 697
1102 817
300 228
519 863
216 1463
1164 1297
432 1180
698 574
242 220
366 465
735 936
728 1050
1226 213
417 1341
354 510
1313 1468
38 328
439 950
24 1386
694 963
1346 1154
1246 579
469 1208
1272 1347
29 1431
331 1342
1059 1410
70 377
602 42
1440 1027
963 593
915 1012
288 34
122 1301
92 497
358 387
697 1437
1291 45
536 1287
560 622
930 1298
1024 1444
57 1008
1273 636
357 124
1239 734
921 64
155 1044
729 627
954 587
1065 1033
509 54
510 80
1202 99
997 1036
916 104
1426 185
1077 879
982 1056
621 1311
988 112
1479 255
1206 1076
208 1200
423 1015
320 11
71 1487
1041 1429
419 870
276 761
704 1371
415 616
155 674
113 571
437 708
52 432
169 202
1236 1438
1003 1023
1005 1165
382 157
236 547
606 677
1460 258
562 760
428 702
1108 192
1400 435
923 855
697 631
1372 703
983 38
479 285
153 400
1140 1451
720 1150
324 630
1036 1122
1137 1253
285 1341
979 1250
1459 1028
1226 767
1461 67
1345 93
680 1145
101 200
886 922
1491 1290
939 983
756 83
76 164
603 121
547 1244
1337 782
943 177
216 335
513 1361
1170 1413
549 863
766 1351
738 152
409 802
1025 970
179 481
633 311
173 1303
49 1182
26 240
1199 1104
1322 185
1104 54
383 216
73 955
68 516
496 9
909 762
533 1115
1236 282
376 62
1278 241
456 1346
781 1391
1303 1313
778 772
668 379
428 552
307 593
27 1049
211 568
1420 1118
638 1157
298 486
274 723
590 1017
1315 273
656 1039
187 1403
193 1375
1253 511
1477 684
1315 862
382 12
1107 197
244 309
76 1073
1345 666
666 1051
1265 958
348 209
1194 976
1307 211
449 1415
1331 1234
301 288
461 495
1409 526
492 991
422 1222
1246 406
207 73
760 14
876 1496
34 520
1283 115
168 183
1121 1249
782 165
642 1128
551 846
1500 684
1170 54
986 735
710 663
1302 273
327 157
455 425
1426 1207
605 932
513 472
678 672
1097 182
547 1098
1077 1310
878 1275
892 257
735 1013
712 254
598 1434
770 1474
198 709
354 942
980 856
522 240
488 702
731 809
1213 659
905 890
196 886
637 1342
162 583
29 129
594 1210
171 107
911 144
839 280
764 402
391 1171
647 591
233 1457
724 383
568 946
465 190
776 739
111 30
1232 578
436 157
195 31
1317 1327
1391 552
1004 717
569 1153
1107 1316
781 1350
1182 29
1183 1398
982 10
1048 1196
1008 513
679 133
1062 892
527 254
906 957
1394 191
932 1297
1060 1381
85 1457
498 1061
186 611
86 655
1044 1100
915 982
362 1366
163 753
1353 1206
658 47
975 1341
1011 424
475 987
585 777
634 782
138 375
667 1355
719 1167
486 1024
873 801
738 1062
182 927
1428 533
1305 505
888 746
1256 571
1063 938
342 491
1152 662
808 9
1444 1407
1101 305
921 695
19 1485
250 1162
542 80
1097 311
471 219
1480 723
595 486
366 636
953 188
105 1154
1406 24
1144 127
424 555
14 73
846 1375
1127 703
1271 1293
532 1113
893 149
934 452
1415 1384
169 318
1295 1311
1010 446
1382 21
1147 169
165 889
291 157
53 1351
1212 1055
887 1178
1062 741
450 117
822 673
874 871
517 1109
810 636
1228 499
422 1189
1304 1005
1075 435
795 939
649 145
1281 570
926 429
1006 489
1481 214
180 1262
178 487
497 626
1185 155
816 414
1402 792
97 1127
1368 1342
1308 981
1415 1371
26 952
221 653
887 363
124 1184
863 935
596 1
927 1045
1223 336
417 256
99 808
373 326
702 1216
88 413
1197 1186
1303 985
234 943
148 997
1276 108
1319 1111
502 174
824 882
100 54
619 355
282 1028
1322 116
1042 1386
1247 630
608 908
1468 149
254 1108
108 726
1318 336
1212 24
1356 779
1476 876
132 757
1069 124
838 1214
670 684
122 151
271 1208
547 506
66 1373
1136 152
730 259
645 136
695 847
84 1402
1200 731
496 229
707 363
232 786
418 1439
1292 1491
514 539
1208 1205
121 690
314 499
1479 872
191 840
463 1279
1355 1026
1197 297
1055 757
1094 1065
1199 1242
1094 407
175 1182
1474 686
583 1088
1006 249
1460 978
100 225
695 181
293 751
541 151
1332 49
65 4
336 940
824 232
675 62
1039 11
280 1457
780 1439
442 741
1180 1430
635 346
1049 966
1180 1229
571 21
576 1325
1153 1431
804 390
1393 1123
794 104
970 1473
202 18
1079 1359
1161 213
1020 598
1310 360
129 144
348 225
1127 1164
1289 955
1220 567
536 595
663 1398
1317 933
77 29
1495 612
483 739
837 1469
483 63
1102 87
982 479
686 1299
228 75
293 367
1056 334
1170 1053
883 310
66 433
648 466
1108 585
139 889
622 809
59 501
1170 232
946 150
1278 26
1336 1322
1149 882
967 1274
846 499
597 446
176 297
1001 1090
621 307
28 1037
141 1264
165 872
1410 658
643 860
866 378
1294 908
1273 66
1198 1118
1425 438
420 241
956 527
264 1442
671 221
752 155
597 604
570 320
1476 202
1065 653
338 1152
1210 881
857 1474
826 318
135 693
1165 481
604 590
105 1425
1017 677
445 1148
71 483
1333 875
1471 1236
175 511
305 1409
337 112
599 127
1049 562
942 430
70 1191
593 221
929 886
1339 1214
944 1209
604 1489
715 65
1215 618
125 1363
1154 1121
1130 1046
15 386
71 562
119 442
560 380
299 434
1470 236
1286 195
1277 952
1493 786
1227 402
1258 1356
1287 461
305 943
778 97
486 437
960 725
1275 78
49 15
885 182
1362 407
1390 1496
1202 292
1342 862
673 656
820 562
48 323
1313 162
492 628
223 1484
738 1144
739 1376
172 700
405 424
1401 629
497 1051
407 259
548 205
166 211
1434 255
1258 1115
426 1354
986 132
624 919
663 822
737 315
1491 197
1386 912
451 299
1360 104
837 555
436 992
880 1364
1288 470
550 930
1120 646
336 727
676 1007
1048 870
955 114
1324 1471
1277 1118
571 407
66 311
877 693
1450 1434
992 242
797 674
249 262
352 730
126 389
175 774
450 409
438 156
428 680
395 684
502 163
969 1287
1341 1170
947 153
812 960
365 10
1362 212
1324 1269
477 20
442 1253
175 938
248 580
113 761
412 668
157 543
790 364
1093 325
147 1237
660 31
1026 1320
1099 650
1466 633
174 1384
650 912
1313 500
1171 251
27 487
1261 1228
104 1267
397 17
727 42
326 20
290 427
428 880
1470 809
1133 1014
432 681
1193 757
122 1267
681 720
200 304
815 1432
295 1244
689 613
756 1059
198 647
1314 902
695 1477
820 851
715 1261
970 1481
90 667
195 139
1157 948
1033 564
459 57
767 862
626 1372
663 344
1072 1276
956 548
23 104
1465 389
20 974
752 922
1111 1014
887 1354
1305 65
517 577
512 1285
1179 176
1084 26
1381 672
1083 1028
1235 727
218 204
1101 1104
1000 1373
1190 158
41 973
1498 549
643 1437
1287 257
1109 1218
890 499
1032 604
1396 322
538 1328
487 683
1039 1399
316 454
296 1375
450 1445
764 1231
860 986
1422 467
1345 478
436 468
1113 521
1265 850
309 1037
1294 489
1432 1430
31 1263
1156 707
1078 557
412 1212
81 1091
1248 473
200 1449
1459 520
79 1095
486 470
418 749
273 534
492 226
831 491
397 968
1311 1073
858 6
477 628
416 1214
1228 1357
1486 116
282 594
493 59
1463 109
761 838
1016 1025
1220 775
423 1329
611 1458
943 1389
655 90
221 518
860 998
750 486
1276 950
713 462
1277 1143
617 910
1256 77
1304 1243
407 344
1487 639
1284 1183
1123 1385
372 342
465 763
510 462
1214 794
548 139
222 1481
1160 389
557 1098
1412 1016
1060 1303
204 1287
1206 1285
1114 365
25 1207
300 1447
1489 842
1342 617
395 352
1071 171
1338 608
102 948
781 1353
1326 388
698 1146
134 939
156 94
55 133
421 1300
24 180
11 1107
785 1489
997 649
225 1276
590 118
838 819
1433 892
1170 886
836 1349
171 1205
118 1229
632 679
1117 839
835 468
1485 39
179 537
620 218
179 747
947 785
942 182
1317 735
1134 986
395 275
1312 1341
911 1051
1134 302
155 1100
645 1313
1370 506
394 463
263 811
326 174
669 291
53 831
655 1275
148 833
697 252
885 290
1420 512
657 1220
1225 189
389 322
955 558
1037 612
696 130
1044 878
1121 10
914 553
737 1207
737 356
45 606
1259 650
601 710
1297 1316
160 124
1108 1156
526 1028
446 181
180 171
340 141
146 813
1307 1233
248 535
434 835
426 703
677 583
765 1163
156 1496
1383 1051
335 517
748 990
302 832
223 1333
270 1271
24 1068
687 864
236 934
209 1004
728 1468
1334 1063
1204 209
294 594
1259 1305
1409 1081
299 1332
710 460
1454 1374
874 1109
1120 950
197 1193
613 808
1212 925
1220 1116
19 203
241 129
1154 1138
256 314
1479 994
159 292
1432 338
38 1257
700 449
551 73
1068 67
784 132
654 1361
734 696
1074 459
239 5
621 1447
1096 306
119 1396
1469 574
994 576
949 1137
1093 1138
11 642
1387 1004
659 122
1268 14
188 619
506 1165
830 431
1414 1447
1419 1399
359 554
291 108
1452 28
1276 853
1397 707
169 983
862 1430
1379 482
1232 917
1351 258
258 1097
1275 1015
418 548
895 1017
798 912
76 1091
1304 878
1379 1091
445 223
17 311
693 763
1060 415
117 226
222 211
715 1188
741 400
611 493
394 667
1323 942
1412 491
1 1219
1305 857
621 978
1429 541
1270 1273
1135 1363
1286 1004
856 292
45 986
351 852
656 314
783 981
1154 881
1156 1453
1312 1403
348 460
803 400
771 1077
1002 562
1359 616
1116 13
1475 607
371 382
450 1274
835 1465
1215 216
998 770
1339 851
68 314
1182 156
1388 688
609 169
1161 1338
498 1379
1015 1034
475 372
734 936
204 1306
882 554
666 410
709 480
497 1149
494 939
1482 1129
1207 372
752 899
886 959
1182 317
266 987
805 115
912 47
1311 1036
1460 22
170 935
253 858
1309 115
1489 502
1197 865
740 443
1053 1172
1 839
1228 84
643 158
339 1460
78 288
324 85
1052 419
1329 1140
1295 1058
702 199
173 820
601 978
51 876
929 229
1240 1058
1143 411
1241 1446
489 817
667 1168
884 167
413 1376
48 1276
1140 8
383 393
750 1365
1192 603
77 855
124 1138
237 1498
1226 737
1009 1182
1307 871
132 913
1173 111
1229 1089
621 1197
40 1029
992 1094
464 793
1487 650
609 210
715 901
239 795
1232 307
1413 927
1375 789
1097 364
479 190
437 578
312 202
147 661
590 883
238 611
505 213
1320 766
791 628
716 1243
232 386
953 1288
715 754
318 280
61 1297
1214 297
1125 67
828 1351
1487 1358
627 940
1247 1256
71 272
451 835
123 1075
861 938
656 297
1434 70
1004 383
599 926
1417 1461
879 157
1324 332
703 883
853 509
1042 995
30 627
4 764
1196 1154
1425 598
946 101
1428 1380
388 131
674 553
156 1082
530 504
140 153
766 297
621 137
560 633
881 851
1496 1189
63 52
1157 1012
1271 689
1440 339
1373 950
379 1227
144 379
464 975
492 1047
406 1275
997 673
1357 1384
1364 592
723 414
479 1094
702 256
1060 5
1230 571
187 403
1455 86
1056 500
28 319
97 1034
1299 1263
1102 321
1297 1439
1092 617
890 1316
1460 881
846 1077
215 654
863 1039
39 677
1263 1466
625 978
1174 523
239 226
666 1130
602 908
923 1319
256 1428
1094 813
27 276
641 863
298 1049
88 786
1189 478
372 1216
389 40
256 448
1227 302
987 1250
593 96
549 174
1083 1500
1361 1381
27 772
256 1421
984 1351
387 103
281 1118
601 1394
1098 287
1436 229
354 1254
910 170
1312 129
871 11
523 1274
724 1111
808 467
428 743
1363 1165
1153 1061
1214 522
1156 650
711 550
1305 1420
917 1289
524 336
821 96
1371 554
1364 1245
341 366
21 884
1121 692
1214 992
917 995
283 1456
1080 267
449 20
627 1177
70 352
1003 1388
1323 1339
615 355
568 916
780 1343
431 374
14 1090
343 271
147 121
1212 92
984 566
296 487
1376 1271
750 174
1024 1292
11 1120
517 343
1434 1134
254 215
1265 884
1321 538
1118 737
525 557
348 893
198 542
934 843
616 848
434 308
427 232
1412 579
396 643
986 810
930 1293
92 290
260 944
741 1439
1219 754
808 430
592 1453
902 496
1418 1445
833 632
1230 1057
213 1210
904 1142
851 709
887 386
279 806
854 500
252 658
758 178
596 901
1444 84
1074 985
95 1020
379 375
923 747
1103 689
865 93
341 165
99 382
252 146
1268 229
649 333
1441 707
1175 495
1291 505
1273 1070
17 678
1278 469
1003 940
700 658
37 546
262 1335
1306 816
925 149
240 23
505 1258
1276 488
210 830
19 879
1323 28
164 269
990 90
463 503
142 139
55 1342
60 1297
1120 857
1010 1153
392 842
374 1159
655 693
1453 738
338 70
412 800
552 710
614 159
681 118
1173 362
616 696
817 835
1360 1398
337 869
1020 1145
781 1349
571 51
1332 1
1272 1041
505 1486
1051 177
731 1069
816 88
1116 558
1149 307
54 252
1238 868
980 1204
374 1144
301 564
1377 1313
349 460
181 446
623 265
151 407
90 1270
174 315
1409 1289
899 515
1263 85
1412 158
367 1118
715 476
1266 43
1016 196
1489 1032
383 1390
294 873
1408 397
971 22
1020 593
17 61
508 1349
828 1482
1474 102
101 1013
295 1153
246 771
1185 1019
483 203
910 1482
400 628
859 950
1302 829
1412 374
1339 1432
1083 1498
66 464
416 1048
157 137
1427 902
317 918
298 102
1 755
742 449
519 469
1206 665
944 812
671 756
915 188
54 870
1380 1083
36 243
739 706
1491 1070
332 855
435 925
840 28
1276 1291
1270 1311
256 1483
323 1261
221 607
1395 1384
176 422
1244 933
129 1314
114 212
1447 858
302 576
308 1160
745 23
1078 603
1468 34
1282 445
1309 869
494 364
1429 879
1437 1291
1142 1289
114 600
1473 1333
30 956
773 233
308 182
290 1238
176 370
423 161
1065 1163
495 621
1295 28
316 15
979 48
1064 354
902 48
757 369
210 842
647 1152
448 225
356 692
451 1092
267 1324
975 748
1084 145
718 1061
673 344
264 312
613 179
981 396
1377 787
15 511
1204 342
1282 1177
1293 1405
1208 789
1224 872
505 715
246 53
1396 1037
1394 783
558 1242
1356 1137
1184 885
697 971
467 156
782 565
1161 544
1210 15
563 777
207 965
494 619
1233 1269
160 1020
1090 242
15 67
1038 587
386 85
774 1013
80 1311
644 366
192 1471
1346 53
399 108
1384 40
1026 520
905 1468
353 457
871 691
497 486
63 338
209 389
323 1342
732 626
618 295
1283 137
706 145
426 757
653 1495
950 805
1014 1485
765 1060
884 773
746 790
1030 1254
880 1001
845 1438
570 346
499 71
949 838
540 345
614 1169
678 338
320 1342
1412 1386
1053 216
1168 254
194 985
455 469
220 1233
925 618
670 1138
1321 1126
553 1119
316 245
1350 512
729 656
1304 973
922 866
50 123
1194 563
509 1208
1106 643
1287 370
594 872
39 1004
413 1212
429 60
1222 165
183 269
635 42
1185 1169
724 267
1082 1303
188 298
1140 1096
551 406
1094 1035
715 317
550 451
50 533
1273 1177
1046 1491
82 516
1380 792
79 774
55 1246
1032 252
497 883
535 805
396 1185
1350 884
1227 1130
767 1500
148 1123
1125 1461
74 97
295 21
672 651
1342 941
1316 563
746 667
550 51
402 666
69 748
192 444
536 431
8 1311
1303 65
644 930
277 405
1422 547
1174 347
108 1397
1330 468
195 760
1061 821
239 808
1014 1258
1074 1189
759 1145
437 916
342 884
110 1210
1358 476
114 259
1406 671
495 914
711 365
45 1411
897 1182
1315 703
415 499
1335 569
1448 864
1250 476
843 1104
1437 1421
68 904
936 976
52 90
217 1053
1210 981
242 673
1031 1077
585 1292
1209 677
912 1421
1306 1445
485 382
1240 1300
1420 352
69 758
1057 931
1379 212
1362 917
1446 301
1428 1065
1266 79
90 1196
1064 807
1021 1331
1250 1038
944 547
787 934
570 475
1266 1166
266 928
874 1386
632 462
126 1266
744 1330
1310 1433
1243 176
1418 1450
314 400
1373 1332
1392 322
912 1364
1481 679
1245 1267
1289 655
1425 222
511 465
1344 242
970 1398
160 816
1162 590
1163 176
372 408
1234 820
244 493
431 728
528 936
1022 703
341 197
232 288
295 784
678 500
915 117
850 70
1088 59
1116 533
516 1158
138 836
780 1434
598 127
939 469
113 263
649 485
889 299
251 100
233 488
20 348
981 789
873 1167
413 456
58 1080
291 409
1278 5
201 369
445 910
241 1094
1167 886
1095 360
1296 1476
1021 956
1494 140
434 536
798 229
38 1347
599 1224
1291 918
1423 1187
141 1260
484 899
139 1005
863 187
1152 1013
947 864
937 1088
1037 402
454 958
1208 910
1386 352
228 213
933 328
1204 295
851 1480
768 866
673 323
1198 169
1040 769
57 119
1351 1493
1041 754
1308 1254
775 1176
663 829
1356 689
1006 347
872 293
1317 1131
180 257
1117 688
1460 550
1001 900
549 323
1352 1300
1092 737
910 1496
208 1188
