1000
250 1000 1
1 87
1 85
1 79
1 93
1 30
1 47
1 17
1 3
1 2
2 45
2 21
2 84
2 81
2 211
2 119
2 244
2 60
2 141
2 90
2 58
2 9
2 4
3 74
3 128
3 198
3 25
3 194
3 24
3 114
3 144
3 248
3 185
3 86
3 54
3 37
3 26
3 11
3 5
4 106
4 8
4 121
4 58
4 192
4 63
4 31
4 6
5 30
5 48
5 114
5 100
5 39
5 152
5 103
5 166
5 57
5 19
6 125
6 94
6 159
6 84
6 90
6 154
6 87
6 42
6 24
6 16
6 7
7 94
7 227
7 168
7 229
7 103
7 52
7 21
7 12
7 10
7 8
8 204
8 190
8 174
8 107
8 142
8 228
8 233
8 15
8 13
9 233
9 129
9 114
9 77
9 228
9 234
9 49
9 221
9 20
9 14
10 203
10 249
10 236
10 166
10 35
10 29
11 90
11 176
11 30
12 136
12 104
12 131
12 101
12 68
12 25
13 181
13 169
13 200
13 164
13 41
13 159
14 50
14 142
14 74
14 63
14 95
14 62
14 183
14 100
14 97
14 60
14 41
14 38
14 32
15 25
15 217
15 195
15 88
15 207
15 170
15 18
16 22
16 30
16 202
16 104
16 234
16 211
16 82
16 111
16 28
16 23
17 185
17 151
17 43
17 207
17 67
17 75
17 91
17 74
18 99
18 134
18 94
18 53
18 216
18 210
18 96
18 48
18 46
19 179
19 83
19 200
19 122
19 204
19 79
19 75
19 51
19 43
19 36
19 22
20 87
20 25
20 162
20 123
20 229
20 71
20 172
20 142
20 131
21 249
21 58
21 160
21 49
21 25
21 176
21 156
22 206
22 135
22 179
22 164
22 94
22 55
22 250
22 49
23 187
23 182
23 83
23 229
23 195
23 155
23 77
23 44
24 78
24 146
24 157
24 184
24 115
24 183
24 112
25 98
25 83
25 210
25 95
25 38
25 63
25 211
25 191
25 167
25 50
26 181
26 111
26 99
26 174
26 88
26 55
26 53
26 39
26 27
27 207
27 224
27 124
27 247
27 176
27 78
27 76
28 148
28 55
28 79
28 118
28 187
28 150
28 145
28 81
28 40
29 168
29 246
29 245
29 221
29 36
29 68
29 95
29 238
29 162
29 160
29 85
29 73
30 125
30 115
30 181
30 65
30 54
30 79
30 80
30 70
30 33
31 167
31 225
31 69
31 172
31 68
32 55
32 238
32 216
32 85
32 123
33 185
33 89
33 93
33 111
33 76
33 34
34 56
34 69
34 96
34 225
34 107
34 199
35 189
35 248
35 120
35 97
35 184
36 245
36 236
36 72
37 187
37 195
37 59
37 152
37 199
37 76
37 183
37 215
37 135
37 216
38 218
38 96
38 199
38 74
38 40
38 98
39 179
39 250
39 102
39 64
40 149
40 100
40 174
40 137
41 54
41 234
41 192
41 92
41 182
41 95
41 240
41 216
41 57
41 212
41 45
42 181
42 162
42 250
42 189
42 61
43 230
43 208
43 195
43 176
43 138
43 244
43 227
43 248
43 122
43 121
44 212
44 101
44 72
44 168
44 105
45 116
45 230
45 112
45 114
45 212
45 98
45 93
45 60
45 84
45 71
46 80
46 67
46 94
46 222
46 146
46 57
46 220
46 92
47 121
47 194
47 206
47 136
47 154
47 127
48 191
48 107
48 95
48 64
48 216
48 93
48 89
49 143
49 211
49 83
49 126
49 78
49 56
50 64
50 159
50 113
50 54
50 178
50 118
50 98
51 96
51 108
51 72
51 66
51 97
51 164
51 126
52 91
52 89
52 66
52 175
52 248
52 56
52 182
52 106
52 67
53 242
53 67
53 169
53 74
53 209
53 248
53 85
53 59
54 119
54 157
54 79
54 162
54 237
55 183
55 187
55 196
55 114
55 73
55 62
55 163
55 134
56 206
56 71
56 121
56 134
56 65
57 211
57 182
57 89
58 250
58 168
58 177
58 133
58 158
58 175
58 194
58 179
58 138
58 66
59 97
59 131
59 236
59 145
59 147
60 125
60 71
60 105
60 220
60 73
60 210
60 110
60 232
60 230
60 116
60 62
61 144
61 113
61 228
61 69
62 248
62 244
62 115
62 82
63 177
63 163
63 119
63 241
64 181
64 218
64 189
64 100
65 74
65 137
65 128
65 191
65 207
65 112
65 177
65 233
65 114
66 99
66 197
66 72
67 177
67 163
67 68
67 129
67 145
67 223
68 192
68 168
68 175
68 89
68 124
69 199
69 245
69 84
69 166
70 194
70 94
70 115
70 208
70 239
70 83
71 189
71 168
71 105
71 241
71 142
71 230
71 223
71 174
71 91
71 234
71 156
72 131
72 116
72 228
72 229
72 77
72 204
72 198
72 109
72 225
72 100
73 226
73 147
73 240
73 234
73 201
73 111
74 140
74 150
75 148
75 92
75 119
76 250
76 124
76 161
76 188
76 109
77 140
77 100
77 96
77 113
77 121
77 177
77 143
78 81
78 190
78 95
79 171
79 190
79 86
79 188
80 165
80 125
80 88
80 216
80 132
80 166
80 213
80 151
81 188
81 233
81 213
81 236
81 200
81 240
81 187
82 90
82 241
82 157
83 232
83 173
83 156
83 141
83 137
84 99
84 136
84 96
84 237
85 157
85 211
85 153
85 177
85 169
85 108
86 135
86 156
86 237
86 122
86 215
86 144
87 236
87 94
88 221
88 136
88 178
88 125
88 93
88 140
88 133
88 107
89 92
89 130
90 128
90 157
90 153
90 94
90 97
90 217
90 113
91 223
91 107
91 245
91 129
92 215
92 174
92 104
93 161
93 168
93 154
94 234
94 104
94 247
94 218
94 156
94 226
95 167
95 154
95 137
95 243
95 99
96 205
96 112
96 219
96 247
96 104
97 172
97 128
97 150
97 225
97 181
98 181
98 175
99 127
99 222
99 180
99 229
100 208
100 181
100 239
100 110
101 161
101 187
101 152
101 139
101 132
102 139
102 152
102 215
102 107
102 228
102 136
102 245
103 163
103 227
103 188
103 245
103 229
103 117
104 119
104 163
104 230
104 158
104 153
105 134
105 186
105 198
106 183
106 150
106 173
106 153
106 174
106 209
107 187
107 170
107 197
107 136
107 110
108 225
108 233
108 167
108 202
108 214
108 200
108 125
109 117
109 203
109 167
109 196
109 237
109 218
109 116
109 202
110 250
110 156
110 162
110 224
110 119
112 239
112 186
112 225
112 180
112 149
113 173
113 144
113 164
113 201
114 197
114 246
114 217
114 244
114 180
115 212
115 237
115 248
116 158
116 194
116 175
117 236
117 142
117 134
117 216
117 120
118 197
118 129
118 227
118 200
118 186
119 168
119 152
119 249
119 140
120 182
120 158
120 206
120 228
120 196
120 146
120 135
121 196
121 192
121 171
122 180
122 225
123 220
123 243
123 128
124 210
124 234
124 236
125 248
126 235
126 136
126 211
127 214
127 228
127 208
128 188
128 161
128 243
128 205
129 206
129 207
129 140
130 245
130 203
130 238
130 196
131 171
131 133
131 148
132 144
132 195
132 215
132 164
132 148
132 193
133 155
133 146
133 183
133 198
133 206
133 222
133 204
134 227
134 191
134 248
134 226
136 140
136 214
137 146
137 161
138 192
138 170
139 181
139 152
140 230
140 199
141 201
141 165
141 237
141 189
142 223
142 246
142 193
142 215
143 206
143 219
143 178
143 195
144 222
144 160
144 156
145 147
146 149
146 171
146 183
146 211
148 238
148 167
148 149
149 194
149 151
150 206
150 201
151 189
151 184
153 209
153 200
153 169
153 206
153 165
154 183
154 220
154 206
155 231
156 194
156 173
156 227
157 188
157 249
158 196
158 181
159 234
159 179
160 169
160 247
160 206
160 232
161 240
161 201
161 204
161 162
161 228
162 215
162 227
162 192
162 189
162 190
163 169
163 207
163 250
164 183
164 173
165 206
165 183
166 249
167 235
167 218
168 221
168 173
169 180
170 187
170 203
171 192
171 227
171 231
171 181
171 212
172 187
172 233
173 210
173 245
173 224
173 176
174 203
174 226
176 243
176 215
176 193
176 213
177 221
177 242
178 205
180 240
180 243
181 223
181 234
181 211
182 183
182 216
182 234
182 245
183 194
184 247
185 206
185 217
185 207
187 201
188 248
188 211
188 249
189 192
190 219
191 209
191 238
192 219
192 223
192 234
192 228
193 226
193 211
193 218
194 197
194 227
194 219
194 250
194 212
195 211
195 231
195 235
196 246
197 215
198 224
199 217
200 211
200 206
200 233
201 245
201 221
202 206
204 207
204 231
205 234
205 231
206 230
207 236
207 232
209 246
209 247
210 215
210 219
213 229
214 216
218 246
219 236
219 222
220 223
220 224
223 238
224 232
224 238
227 232
227 242
229 247
229 240
230 249
230 248
232 239
233 237
239 243
242 249
15 10
12 2
13 18
7 14
9 15
10 1
11 15
18 3
12 11
8 8
15 6
7 16
12 18
13 4
15 13
16 17
20 5
13 16
8 4
7 2
8 7
3 2
13 9
2 17
15 2
1 6
12 5
20 18
3 20
2 15
12 17
13 10
19 18
19 4
1 10
19 15
3 1
19 10
16 10
1 5
8 8
12 12
15 1
9 13
3 13
16 3
10 15
10 17
6 6
20 13
1 11
3 2
9 12
17 20
1 9
11 17
19 12
5 2
10 13
1 8
7 3
13 2
19 17
12 4
19 16
1 19
2 1
6 17
20 8
4 15
7 10
7 18
15 18
15 17
19 13
17 3
10 9
5 19
9 14
17 5
19 20
9 9
16 2
15 1
11 16
16 18
9 9
16 2
13 5
18 13
2 4
19 12
5 3
4 13
17 7
15 18
12 4
8 16
2 19
7 15
10 4
5 10
11 13
19 6
10 1
1 9
1 3
7 17
11 5
13 20
13 11
2 3
11 13
13 20
14 13
13 18
13 12
17 8
17 9
2 15
12 9
8 14
3 8
20 10
3 18
20 4
14 9
13 6
2 18
19 9
3 16
20 10
18 14
13 19
10 18
1 19
5 13
15 17
19 2
3 2
20 9
20 11
10 13
12 10
17 6
14 6
9 18
8 6
2 19
4 7
17 18
20 20
9 12
8 13
5 10
10 14
11 11
17 6
14 6
7 7
4 6
6 15
9 15
8 6
20 13
14 19
6 9
18 3
3 17
3 10
1 11
8 11
7 14
5 19
11 12
16 2
14 8
2 4
15 7
3 13
4 5
5 3
5 18
14 6
11 1
8 10
4 13
11 15
11 3
14 8
16 18
4 18
6 7
5 14
10 9
2 11
12 18
5 2
4 14
9 9
8 19
15 10
17 2
20 12
14 8
1 9
9 16
1 12
6 5
16 4
7 4
8 10
18 7
3 7
20 3
1 20
19 10
18 9
9 19
16 6
14 17
12 17
5 5
16 5
1 15
1 11
20 1
4 16
18 4
17 7
12 13
6 14
14 17
2 11
5 11
2 20
19 5
8 13
13 1
12 15
11 6
8 15
14 3
9 19
20 16
11 16
3 12
4 6
1 9
5 5
