75
703
1 54
1 71
1 46
1 53
1 44
1 71
1 72
1 49
1 69
1 66
1 50
1 52
1 53
1 47
1 70
1 56
1 64
1 39
1 69
2 62
2 66
2 57
2 39
2 38
2 65
2 61
2 42
2 54
2 67
2 67
2 67
2 44
2 50
2 69
2 63
2 45
2 50
2 73
3 60
3 46
3 55
3 49
3 73
3 53
3 56
3 39
3 51
3 45
3 52
3 50
3 49
3 61
3 40
3 63
3 62
3 58
3 49
4 66
4 60
4 45
4 53
4 62
4 60
4 69
4 47
4 47
4 49
4 43
4 67
4 67
4 73
4 40
4 44
4 51
4 55
4 59
5 48
5 66
5 71
5 59
5 55
5 48
5 63
5 62
5 41
5 66
5 42
5 37
5 43
5 63
5 60
5 62
5 61
5 67
5 66
6 48
6 70
6 44
6 69
6 58
6 54
6 57
6 43
6 40
6 63
6 43
6 43
6 48
6 43
6 52
6 56
6 63
6 71
6 68
7 53
7 47
7 68
7 52
7 42
7 69
7 71
7 46
7 73
7 59
7 73
7 41
7 45
7 44
7 47
7 43
7 50
7 72
7 62
8 56
8 59
8 45
8 63
8 52
8 41
8 62
8 69
8 38
8 68
8 39
8 59
8 61
8 38
8 48
8 40
8 65
8 73
8 54
9 56
9 62
9 68
9 46
9 69
9 38
9 41
9 48
9 52
9 71
9 53
9 59
9 43
9 44
9 49
9 46
9 59
9 39
9 40
10 73
10 40
10 49
10 40
10 58
10 65
10 48
10 65
10 67
10 57
10 66
10 44
10 73
10 52
10 71
10 40
10 64
10 72
10 68
11 49
11 41
11 64
11 49
11 61
11 46
11 63
11 57
11 53
11 46
11 54
11 64
11 37
11 66
11 48
11 40
11 57
11 54
11 47
12 56
12 67
12 40
12 55
12 52
12 71
12 45
12 67
12 42
12 73
12 61
12 73
12 43
12 62
12 39
12 63
12 61
12 56
12 72
13 62
13 52
13 38
13 51
13 56
13 38
13 56
13 42
13 53
13 52
13 53
13 73
13 73
13 62
13 44
13 60
13 71
13 37
13 59
14 61
14 73
14 59
14 42
14 42
14 67
14 62
14 54
14 59
14 69
14 57
14 49
14 38
14 65
14 43
14 58
14 55
14 68
14 55
15 61
15 54
15 40
15 64
15 66
15 59
15 72
15 65
15 71
15 45
15 41
15 45
15 59
15 45
15 50
15 57
15 40
15 63
15 44
16 64
16 45
16 61
16 71
16 72
16 63
16 41
16 72
16 68
16 50
16 64
16 55
16 66
16 54
16 73
16 44
16 56
16 45
16 47
17 41
17 46
17 46
17 37
17 40
17 73
17 47
17 65
17 70
17 57
17 48
17 61
17 51
17 52
17 52
17 46
17 69
17 69
17 42
18 67
18 47
18 51
18 73
18 70
18 67
18 63
18 49
18 64
18 71
18 37
18 61
18 52
18 46
18 64
18 60
18 61
18 68
18 68
19 72
19 41
19 67
19 73
19 49
19 48
19 71
19 61
19 70
19 49
19 71
19 43
19 58
19 37
19 60
19 45
19 37
19 70
19 70
20 48
20 53
20 38
20 45
20 53
20 43
20 60
20 57
20 72
20 46
20 49
20 73
20 58
20 60
20 67
20 51
20 50
20 62
20 69
21 50
21 58
21 67
21 47
21 51
21 66
21 40
21 65
21 45
21 45
21 40
21 51
21 48
21 47
21 53
21 45
21 67
21 68
21 47
22 46
22 68
22 57
22 72
22 69
22 40
22 45
22 54
22 64
22 72
22 64
22 71
22 43
22 46
22 50
22 47
22 57
22 65
22 62
23 68
23 70
23 58
23 67
23 61
23 56
23 50
23 70
23 44
23 68
23 61
23 46
23 40
23 46
23 48
23 65
23 61
23 56
23 44
24 63
24 57
24 44
24 58
24 63
24 48
24 57
24 38
24 66
24 71
24 43
24 57
24 47
24 57
24 52
24 48
24 41
24 60
24 40
25 38
25 48
25 73
25 62
25 49
25 56
25 48
25 67
25 68
25 45
25 70
25 41
25 40
25 55
25 67
25 43
25 37
25 68
25 52
26 42
26 47
26 58
26 66
26 43
26 37
26 51
26 69
26 72
26 53
26 67
26 40
26 71
26 42
26 50
26 47
26 40
26 73
26 46
27 69
27 57
27 59
27 54
27 59
27 69
27 63
27 50
27 49
27 66
27 70
27 61
27 39
27 57
27 70
27 70
27 71
27 69
27 38
28 57
28 68
28 45
28 58
28 43
28 49
28 42
28 50
28 73
28 73
28 57
28 73
28 64
28 43
28 71
28 67
28 55
28 63
28 69
29 73
29 71
29 50
29 72
29 49
29 64
29 69
29 57
29 69
29 44
29 55
29 43
29 49
29 50
29 51
29 47
29 48
29 58
29 64
30 52
30 48
30 39
30 48
30 46
30 42
30 56
30 57
30 62
30 38
30 53
30 47
30 41
30 54
30 63
30 72
30 43
30 50
30 52
31 53
31 44
31 41
31 38
31 65
31 50
31 46
31 43
31 72
31 73
31 48
31 56
31 43
31 73
31 56
31 50
31 43
31 71
31 57
32 49
32 54
32 43
32 71
32 50
32 41
32 64
32 71
32 67
32 43
32 58
32 65
32 50
32 39
32 40
32 65
32 42
32 68
32 43
33 68
33 72
33 68
33 73
33 66
33 56
33 41
33 53
33 70
33 58
33 38
33 41
33 63
33 47
33 47
33 39
33 58
33 64
33 72
34 46
34 72
34 73
34 73
34 44
34 49
34 72
34 73
34 64
34 73
34 46
34 59
34 64
34 69
34 69
34 69
34 62
34 53
34 46
35 71
35 55
35 45
35 69
35 38
35 42
35 43
35 63
35 45
35 55
35 46
35 71
35 57
35 48
35 66
35 41
35 73
35 48
35 59
36 65
36 72
36 69
36 59
36 68
36 65
36 64
36 71
36 50
36 44
36 59
36 48
36 64
36 71
36 55
36 41
36 38
36 52
36 69
37 49
37 70
37 66
37 61
37 58
37 37
37 54
37 55
37 69
37 66
37 54
37 54
37 62
37 71
37 73
37 48
37 54
37 58
37 54
