50
475
1 46
1 25
1 40
1 40
1 44
1 37
1 26
1 36
1 32
1 40
1 42
1 42
1 44
1 47
1 42
1 40
1 27
1 25
1 37
2 27
2 41
2 43
2 43
2 47
2 43
2 25
2 34
2 47
2 45
2 25
2 41
2 42
2 27
2 27
2 32
2 37
2 45
2 46
3 26
3 30
3 35
3 29
3 25
3 34
3 33
3 28
3 49
3 27
3 30
3 43
3 36
3 45
3 45
3 26
3 41
3 26
3 41
4 35
4 46
4 47
4 32
4 44
4 39
4 30
4 39
4 49
4 46
4 44
4 44
4 37
4 39
4 41
4 40
4 38
4 44
4 32
5 41
5 27
5 33
5 30
5 36
5 35
5 26
5 25
5 44
5 36
5 27
5 38
5 38
5 34
5 43
5 49
5 26
5 42
5 33
6 43
6 39
6 28
6 47
6 34
6 31
6 26
6 45
6 48
6 44
6 29
6 38
6 38
6 36
6 48
6 33
6 41
6 41
6 32
7 48
7 26
7 44
7 34
7 32
7 45
7 27
7 42
7 36
7 47
7 35
7 32
7 30
7 47
7 29
7 25
7 27
7 42
7 34
8 33
8 28
8 32
8 36
8 31
8 31
8 31
8 33
8 30
8 47
8 39
8 28
8 39
8 47
8 33
8 39
8 27
8 41
8 26
9 29
9 49
9 41
9 34
9 36
9 32
9 27
9 29
9 30
9 42
9 47
9 48
9 31
9 37
9 28
9 42
9 27
9 43
9 30
10 37
10 47
10 30
10 47
10 45
10 33
10 35
10 48
10 35
10 43
10 38
10 26
10 44
10 35
10 35
10 47
10 34
10 25
10 40
11 45
11 25
11 33
11 35
11 33
11 32
11 42
11 43
11 49
11 46
11 49
11 37
11 43
11 43
11 26
11 28
11 40
11 31
11 33
12 34
12 42
12 41
12 45
12 39
12 26
12 35
12 40
12 39
12 36
12 32
12 26
12 49
12 43
12 31
12 27
12 49
12 25
12 35
13 30
13 48
13 30
13 39
13 44
13 28
13 28
13 36
13 46
13 35
13 44
13 34
13 35
13 47
13 49
13 38
13 33
13 48
13 45
14 35
14 38
14 40
14 43
14 31
14 31
14 31
14 32
14 26
14 45
14 32
14 41
14 34
14 41
14 33
14 34
14 37
14 25
14 34
15 27
15 29
15 40
15 41
15 27
15 31
15 25
15 30
15 36
15 35
15 36
15 33
15 34
15 44
15 39
15 31
15 40
15 34
15 26
16 36
16 27
16 35
16 44
16 33
16 43
16 40
16 44
16 26
16 29
16 29
16 45
16 29
16 28
16 33
16 42
16 25
16 38
16 26
17 33
17 25
17 38
17 47
17 44
17 49
17 37
17 25
17 46
17 35
17 41
17 27
17 41
17 34
17 41
17 43
17 37
17 46
17 28
18 26
18 34
18 27
18 26
18 39
18 38
18 36
18 39
18 43
18 30
18 30
18 41
18 49
18 47
18 33
18 28
18 33
18 47
18 32
19 30
19 48
19 46
19 45
19 27
19 49
19 26
19 31
19 44
19 35
19 42
19 47
19 27
19 47
19 44
19 31
19 48
19 27
19 43
20 40
20 27
20 35
20 27
20 39
20 29
20 39
20 46
20 36
20 37
20 26
20 33
20 42
20 44
20 37
20 30
20 37
20 43
20 44
21 34
21 44
21 35
21 36
21 33
21 37
21 47
21 34
21 45
21 34
21 25
21 36
21 26
21 43
21 28
21 44
21 34
21 46
21 37
22 40
22 33
22 37
22 39
22 25
22 49
22 43
22 33
22 41
22 25
22 42
22 48
22 40
22 37
22 28
22 39
22 30
22 38
22 34
23 45
23 49
23 27
23 32
23 47
23 31
23 31
23 26
23 34
23 42
23 36
23 26
23 36
23 33
23 40
23 40
23 46
23 33
23 47
24 40
24 42
24 46
24 33
24 39
24 39
24 41
24 36
24 27
24 36
24 39
24 45
24 44
24 32
24 48
24 38
24 40
24 33
24 30
25 27
25 25
25 42
25 38
25 38
25 46
25 43
25 27
25 49
25 37
25 44
25 40
25 35
25 30
25 40
25 31
25 49
25 41
25 35
