125
1178
1 110
1 65
1 63
1 121
1 64
1 87
1 110
1 91
1 79
1 74
1 92
1 99
1 85
1 123
1 88
1 95
1 114
1 63
1 77
2 94
2 91
2 95
2 81
2 121
2 96
2 84
2 114
2 104
2 93
2 98
2 87
2 89
2 112
2 68
2 74
2 86
2 89
2 81
3 105
3 103
3 115
3 75
3 97
3 97
3 65
3 89
3 107
3 67
3 66
3 91
3 109
3 104
3 74
3 84
3 99
3 63
3 109
4 108
4 94
4 107
4 79
4 85
4 119
4 86
4 89
4 112
4 110
4 64
4 78
4 94
4 114
4 79
4 85
4 63
4 79
4 70
5 102
5 70
5 96
5 89
5 67
5 92
5 82
5 74
5 107
5 82
5 114
5 118
5 120
5 77
5 65
5 64
5 73
5 114
5 103
6 110
6 94
6 64
6 86
6 95
6 70
6 116
6 105
6 62
6 105
6 116
6 97
6 97
6 91
6 88
6 87
6 95
6 68
6 88
7 115
7 69
7 108
7 78
7 122
7 64
7 74
7 109
7 95
7 123
7 88
7 88
7 108
7 70
7 75
7 68
7 90
7 72
7 84
8 116
8 103
8 73
8 73
8 90
8 108
8 114
8 67
8 120
8 62
8 78
8 73
8 66
8 110
8 105
8 115
8 88
8 72
8 88
9 63
9 104
9 65
9 80
9 111
9 123
9 94
9 110
9 72
9 110
9 93
9 75
9 68
9 82
9 77
9 72
9 77
9 89
9 88
10 65
10 107
10 108
10 121
10 96
10 74
10 95
10 103
10 71
10 67
10 70
10 87
10 95
10 111
10 67
10 119
10 117
10 69
10 73
11 72
11 91
11 65
11 63
11 88
11 102
11 88
11 117
11 103
11 63
11 115
11 85
11 97
11 66
11 69
11 123
11 110
11 107
11 96
12 67
12 118
12 116
12 81
12 98
12 119
12 96
12 69
12 121
12 121
12 80
12 87
12 65
12 91
12 67
12 70
12 105
12 96
12 89
13 122
13 82
13 94
13 75
13 100
13 87
13 102
13 79
13 68
13 64
13 121
13 110
13 118
13 114
13 103
13 102
13 113
13 98
13 86
14 101
14 67
14 65
14 73
14 69
14 68
14 62
14 81
14 81
14 116
14 64
14 111
14 80
14 67
14 119
14 113
14 78
14 114
14 73
15 98
15 96
15 79
15 65
15 94
15 70
15 104
15 121
15 119
15 77
15 87
15 112
15 102
15 74
15 103
15 76
15 100
15 74
15 98
16 75
16 106
16 69
16 105
16 69
16 81
16 117
16 74
16 101
16 122
16 101
16 115
16 73
16 119
16 73
16 65
16 84
16 66
16 94
17 93
17 103
17 97
17 75
17 66
17 121
17 97
17 95
17 63
17 119
17 92
17 123
17 78
17 118
17 87
17 74
17 119
17 115
17 106
18 106
18 113
18 84
18 77
18 92
18 105
18 120
18 123
18 75
18 77
18 66
18 119
18 111
18 83
18 90
18 113
18 68
18 92
18 72
19 112
19 108
19 105
19 66
19 109
19 81
19 95
19 93
19 68
19 94
19 108
19 84
19 87
19 79
19 62
19 110
19 83
19 108
19 122
20 74
20 112
20 85
20 77
20 90
20 103
20 88
20 112
20 86
20 99
20 98
20 71
20 95
20 94
20 66
20 71
20 103
20 106
20 97
21 88
21 91
21 83
21 100
21 82
21 96
21 84
21 114
21 110
21 92
21 66
21 63
21 121
21 117
21 96
21 67
21 102
21 102
21 67
22 104
22 62
22 89
22 77
22 79
22 77
22 120
22 122
22 94
22 104
22 85
22 123
22 75
22 86
22 115
22 106
22 62
22 67
22 62
23 101
23 117
23 109
23 103
23 90
23 100
23 116
23 92
23 97
23 80
23 103
23 71
23 84
23 83
23 84
23 62
23 77
23 88
23 121
24 108
24 88
24 105
24 68
24 103
24 110
24 110
24 81
24 115
24 120
24 77
24 122
24 99
24 103
24 104
24 86
24 66
24 109
24 114
25 95
25 110
25 93
25 113
25 109
25 96
25 103
25 91
25 88
25 96
25 62
25 62
25 105
25 66
25 81
25 66
25 97
25 99
25 88
26 68
26 62
26 121
26 84
26 86
26 119
26 63
26 102
26 109
26 86
26 87
26 119
26 64
26 66
26 78
26 103
26 102
26 71
26 65
27 66
27 83
27 90
27 75
27 68
27 73
27 62
27 105
27 80
27 92
27 77
27 89
27 71
27 64
27 112
27 64
27 65
27 116
27 94
28 112
28 101
28 90
28 113
28 86
28 79
28 114
28 63
28 115
28 69
28 72
28 99
28 92
28 98
28 103
28 104
28 95
28 84
28 114
29 121
29 105
29 82
29 69
29 68
29 64
29 69
29 90
29 108
29 123
29 95
29 108
29 97
29 110
29 104
29 95
29 80
29 107
29 71
30 106
30 106
30 67
30 68
30 67
30 122
30 102
30 66
30 120
30 112
30 93
30 70
30 86
30 83
30 108
30 87
30 96
30 95
30 110
31 111
31 113
31 95
31 88
31 67
31 105
31 116
31 112
31 110
31 103
31 74
31 112
31 67
31 68
31 98
31 116
31 64
31 105
31 77
32 86
32 108
32 64
32 67
32 87
32 122
32 67
32 94
32 63
32 113
32 77
32 80
32 93
32 87
32 115
32 96
32 62
32 96
32 62
33 78
33 107
33 108
33 62
33 84
33 67
33 108
33 66
33 73
33 108
33 71
33 70
33 119
33 82
33 105
33 116
33 81
33 115
33 120
34 70
34 67
34 109
34 104
34 93
34 115
34 108
34 123
34 116
34 89
34 98
34 111
34 78
34 97
34 71
34 119
34 107
34 85
34 69
35 109
35 103
35 119
35 89
35 93
35 120
35 85
35 102
35 72
35 86
35 113
35 70
35 110
35 91
35 112
35 96
35 69
35 90
35 84
36 76
36 90
36 72
36 93
36 66
36 114
36 98
36 101
36 106
36 117
36 107
36 70
36 108
36 120
36 106
36 94
36 64
36 92
36 89
37 84
37 63
37 106
37 107
37 66
37 79
37 92
37 102
37 109
37 75
37 106
37 97
37 75
37 95
37 120
37 77
37 63
37 79
37 81
38 65
38 108
38 108
38 64
38 116
38 113
38 81
38 84
38 84
38 86
38 99
38 69
38 103
38 74
38 102
38 77
38 92
38 87
38 98
39 94
39 114
39 108
39 84
39 99
39 81
39 106
39 63
39 91
39 113
39 78
39 77
39 106
39 102
39 116
39 80
39 115
39 121
39 93
40 89
40 82
40 112
40 84
40 78
40 87
40 64
40 104
40 120
40 101
40 74
40 95
40 119
40 121
40 87
40 97
40 103
40 113
40 87
41 104
41 117
41 64
41 116
41 83
41 108
41 83
41 109
41 77
41 81
41 92
41 121
41 110
41 118
41 105
41 67
41 100
41 104
41 102
42 90
42 81
42 107
42 93
42 70
42 106
42 91
42 122
42 80
42 119
42 108
42 87
42 64
42 73
42 99
42 101
42 92
42 62
42 68
43 77
43 65
43 106
43 93
43 113
43 110
43 84
43 99
43 75
43 67
43 62
43 76
43 68
43 75
43 70
43 79
43 97
43 71
43 75
44 76
44 63
44 77
44 120
44 101
44 91
44 103
44 67
44 90
44 118
44 87
44 112
44 77
44 105
44 104
44 113
44 69
44 101
44 112
45 97
45 64
45 75
45 71
45 76
45 82
45 65
45 93
45 78
45 77
45 71
45 110
45 66
45 115
45 116
45 98
45 99
45 68
45 86
46 63
46 105
46 80
46 105
46 119
46 102
46 77
46 79
46 67
46 72
46 103
46 99
46 91
46 108
46 119
46 96
46 90
46 114
46 94
47 105
47 84
47 101
47 112
47 121
47 92
47 81
47 91
47 64
47 119
47 89
47 92
47 107
47 91
47 82
47 105
47 81
47 64
47 101
48 113
48 74
48 78
48 113
48 71
48 82
48 115
48 92
48 62
48 100
48 113
48 111
48 115
48 67
48 100
48 116
48 115
48 84
48 72
49 97
49 102
49 62
49 99
49 85
49 70
49 83
49 102
49 62
49 120
49 98
49 71
49 68
49 90
49 118
49 72
49 116
49 106
49 121
50 77
50 66
50 121
50 104
50 122
50 121
50 115
50 70
50 70
50 62
50 66
50 63
50 109
50 115
50 92
50 122
50 106
50 114
50 109
51 79
51 86
51 112
51 110
51 98
51 118
51 67
51 88
51 90
51 66
51 122
51 86
51 65
51 108
51 91
51 76
51 81
51 94
51 69
52 114
52 104
52 104
52 82
52 73
52 95
52 74
52 119
52 101
52 85
52 77
52 112
52 67
52 99
52 66
52 106
52 121
52 84
52 106
53 121
53 97
53 71
53 111
53 87
53 92
53 69
53 122
53 102
53 122
53 69
53 99
53 118
53 115
53 84
53 113
53 87
53 73
53 120
54 83
54 112
54 102
54 64
54 90
54 92
54 96
54 89
54 80
54 122
54 63
54 66
54 88
54 97
54 122
54 78
54 116
54 97
54 76
55 68
55 92
55 88
55 80
55 101
55 110
55 97
55 121
55 119
55 62
55 122
55 99
55 117
55 77
55 66
55 81
55 110
55 97
55 89
56 87
56 98
56 101
56 105
56 107
56 84
56 86
56 88
56 68
56 110
56 114
56 78
56 94
56 108
56 95
56 95
56 81
56 92
56 110
57 62
57 64
57 120
57 81
57 63
57 113
57 117
57 102
57 112
57 66
57 123
57 108
57 114
57 91
57 94
57 66
57 89
57 75
57 123
58 71
58 81
58 72
58 71
58 68
58 98
58 91
58 121
58 101
58 94
58 71
58 104
58 104
58 70
58 64
58 75
58 75
58 111
58 87
59 76
59 93
59 102
59 95
59 97
59 68
59 120
59 106
59 119
59 81
59 99
59 91
59 107
59 66
59 81
59 112
59 89
59 69
59 88
60 112
60 117
60 71
60 92
60 108
60 62
60 103
60 93
60 112
60 104
60 99
60 123
60 90
60 101
60 116
60 105
60 72
60 96
60 83
61 89
61 88
61 95
61 119
61 122
61 88
61 96
61 109
61 117
61 64
61 65
61 80
61 92
61 73
61 66
61 119
61 122
61 109
61 63
62 95
62 64
62 82
62 99
62 87
62 120
62 69
62 67
62 112
62 66
62 119
62 103
62 82
62 100
62 116
62 103
62 80
62 90
62 105
