200
1900
1 135
1 192
1 106
1 134
1 119
1 106
1 137
1 187
1 109
1 132
1 100
1 177
1 117
1 143
1 134
1 127
1 123
1 171
1 154
2 128
2 162
2 118
2 164
2 168
2 143
2 196
2 109
2 146
2 189
2 120
2 147
2 153
2 163
2 169
2 113
2 110
2 135
2 139
3 178
3 162
3 118
3 160
3 129
3 166
3 137
3 186
3 138
3 175
3 175
3 131
3 187
3 197
3 164
3 192
3 114
3 159
3 159
4 140
4 119
4 196
4 135
4 144
4 122
4 157
4 157
4 141
4 199
4 135
4 114
4 154
4 158
4 102
4 182
4 172
4 169
4 165
5 150
5 113
5 165
5 113
5 194
5 127
5 138
5 143
5 116
5 130
5 184
5 153
5 147
5 121
5 123
5 140
5 184
5 175
5 198
6 125
6 107
6 175
6 172
6 140
6 152
6 129
6 131
6 143
6 192
6 168
6 102
6 104
6 155
6 176
6 146
6 120
6 109
6 181
7 138
7 148
7 158
7 134
7 149
7 193
7 155
7 132
7 138
7 116
7 131
7 160
7 126
7 173
7 106
7 132
7 164
7 125
7 149
8 135
8 198
8 176
8 115
8 168
8 143
8 161
8 181
8 111
8 187
8 173
8 126
8 103
8 156
8 178
8 149
8 131
8 166
8 124
9 167
9 190
9 174
9 131
9 176
9 159
9 151
9 104
9 186
9 101
9 163
9 122
9 138
9 156
9 142
9 169
9 196
9 191
9 145
10 194
10 119
10 119
10 126
10 175
10 162
10 114
10 118
10 179
10 133
10 134
10 111
10 181
10 179
10 152
10 153
10 124
10 196
10 144
11 157
11 114
11 143
11 107
11 182
11 151
11 195
11 117
11 152
11 147
11 164
11 102
11 154
11 185
11 169
11 191
11 159
11 151
11 108
12 170
12 113
12 173
12 143
12 133
12 167
12 105
12 142
12 125
12 102
12 153
12 130
12 120
12 155
12 105
12 197
12 125
12 103
12 184
13 191
13 112
13 104
13 166
13 153
13 145
13 172
13 141
13 176
13 167
13 103
13 148
13 186
13 118
13 102
13 182
13 130
13 102
13 179
14 155
14 130
14 171
14 117
14 101
14 110
14 170
14 150
14 142
14 163
14 182
14 148
14 102
14 146
14 163
14 173
14 149
14 184
14 112
15 197
15 198
15 119
15 100
15 178
15 191
15 195
15 124
15 140
15 144
15 114
15 168
15 151
15 152
15 110
15 112
15 194
15 160
15 121
16 186
16 162
16 119
16 115
16 141
16 132
16 123
16 157
16 162
16 196
16 181
16 141
16 115
16 195
16 187
16 135
16 189
16 112
16 167
17 139
17 154
17 119
17 177
17 136
17 176
17 118
17 196
17 113
17 198
17 130
17 165
17 155
17 132
17 154
17 108
17 104
17 175
17 135
18 152
18 143
18 144
18 125
18 101
18 168
18 173
18 197
18 122
18 167
18 134
18 112
18 197
18 105
18 133
18 175
18 160
18 155
18 145
19 193
19 126
19 140
19 145
19 163
19 186
19 130
19 121
19 135
19 172
19 125
19 196
19 105
19 113
19 148
19 160
19 119
19 154
19 161
20 163
20 103
20 106
20 123
20 143
20 187
20 197
20 122
20 185
20 160
20 184
20 160
20 179
20 152
20 126
20 164
20 179
20 151
20 190
21 188
21 184
21 113
21 112
21 195
21 151
21 147
21 158
21 121
21 157
21 139
21 139
21 175
21 177
21 198
21 199
21 180
21 169
21 160
22 170
22 107
22 117
22 175
22 167
22 134
22 174
22 158
22 133
22 143
22 154
22 109
22 121
22 113
22 157
22 115
22 127
22 159
22 122
23 127
23 103
23 161
23 180
23 176
23 185
23 196
23 155
23 160
23 193
23 177
23 107
23 184
23 136
23 146
23 142
23 123
23 116
23 166
24 159
24 140
24 163
24 138
24 143
24 133
24 123
24 104
24 109
24 170
24 162
24 179
24 123
24 111
24 137
24 117
24 163
24 180
24 143
25 143
25 160
25 151
25 136
25 123
25 197
25 107
25 101
25 188
25 112
25 179
25 187
25 126
25 161
25 130
25 103
25 137
25 178
25 175
26 192
26 173
26 131
26 102
26 112
26 140
26 115
26 126
26 158
26 120
26 105
26 129
26 126
26 107
26 142
26 101
26 184
26 181
26 167
27 141
27 106
27 185
27 171
27 165
27 124
27 181
27 180
27 163
27 129
27 152
27 123
27 168
27 192
27 129
27 123
27 182
27 114
27 142
28 170
28 108
28 139
28 175
28 182
28 183
28 173
28 137
28 139
28 100
28 129
28 124
28 166
28 117
28 173
28 117
28 131
28 100
28 134
29 184
29 153
29 168
29 187
29 179
29 117
29 134
29 159
29 103
29 138
29 147
29 152
29 153
29 191
29 113
29 177
29 113
29 135
29 155
30 181
30 170
30 111
30 159
30 127
30 119
30 181
30 112
30 174
30 160
30 163
30 113
30 167
30 150
30 126
30 132
30 134
30 145
30 162
31 151
31 197
31 100
31 178
31 181
31 149
31 157
31 103
31 129
31 194
31 178
31 155
31 193
31 186
31 140
31 172
31 123
31 190
31 118
32 105
32 101
32 196
32 190
32 156
32 162
32 170
32 144
32 105
32 105
32 108
32 100
32 144
32 166
32 178
32 191
32 193
32 107
32 117
33 161
33 127
33 129
33 152
33 159
33 194
33 185
33 159
33 180
33 144
33 190
33 174
33 198
33 184
33 121
33 132
33 178
33 194
33 185
34 139
34 168
34 126
34 112
34 113
34 158
34 131
34 143
34 178
34 140
34 187
34 182
34 141
34 139
34 124
34 144
34 109
34 151
34 165
35 130
35 192
35 186
35 173
35 198
35 195
35 142
35 180
35 144
35 121
35 110
35 117
35 152
35 102
35 117
35 199
35 136
35 104
35 173
36 109
36 170
36 117
36 176
36 166
36 117
36 133
36 198
36 153
36 129
36 179
36 130
36 118
36 129
36 158
36 186
36 197
36 113
36 129
37 126
37 133
37 117
37 168
37 180
37 173
37 137
37 103
37 168
37 130
37 187
37 126
37 167
37 104
37 155
37 143
37 118
37 156
37 110
38 112
38 169
38 112
38 178
38 144
38 145
38 172
38 197
38 149
38 163
38 140
38 129
38 140
38 147
38 153
38 197
38 196
38 170
38 161
39 151
39 166
39 180
39 143
39 138
39 131
39 161
39 137
39 122
39 152
39 135
39 108
39 118
39 154
39 169
39 167
39 103
39 174
39 132
40 144
40 136
40 148
40 103
40 172
40 121
40 156
40 156
40 134
40 140
40 138
40 170
40 194
40 154
40 147
40 114
40 104
40 112
40 133
41 179
41 144
41 100
41 164
41 142
41 175
41 128
41 120
41 115
41 152
41 150
41 187
41 125
41 107
41 175
41 188
41 173
41 151
41 173
42 157
42 126
42 111
42 177
42 170
42 193
42 112
42 107
42 138
42 133
42 103
42 179
42 183
42 165
42 121
42 108
42 148
42 167
42 167
43 102
43 150
43 113
43 155
43 188
43 121
43 159
43 154
43 149
43 120
43 176
43 178
43 194
43 164
43 188
43 160
43 113
43 114
43 175
44 183
44 168
44 148
44 173
44 195
44 108
44 155
44 191
44 155
44 194
44 174
44 187
44 134
44 157
44 195
44 184
44 146
44 178
44 151
45 175
45 145
45 112
45 136
45 162
45 161
45 154
45 147
45 143
45 138
45 188
45 109
45 104
45 158
45 179
45 115
45 163
45 136
45 170
46 137
46 105
46 168
46 106
46 131
46 198
46 191
46 161
46 152
46 116
46 119
46 115
46 108
46 147
46 106
46 145
46 198
46 129
46 140
47 131
47 131
47 142
47 112
47 133
47 169
47 100
47 162
47 135
47 140
47 142
47 135
47 195
47 126
47 123
47 146
47 176
47 132
47 130
48 191
48 161
48 144
48 177
48 175
48 198
48 166
48 163
48 155
48 175
48 171
48 158
48 178
48 108
48 173
48 141
48 182
48 185
48 182
49 187
49 187
49 148
49 175
49 143
49 107
49 148
49 190
49 177
49 182
49 140
49 107
49 193
49 113
49 166
49 108
49 170
49 182
49 141
50 196
50 197
50 103
50 155
50 114
50 133
50 112
50 141
50 171
50 133
50 148
50 184
50 105
50 177
50 165
50 162
50 120
50 121
50 188
51 100
51 196
51 142
51 159
51 151
51 157
51 147
51 149
51 195
51 167
51 105
51 180
51 140
51 162
51 175
51 154
51 129
51 113
51 126
52 130
52 166
52 167
52 145
52 151
52 185
52 110
52 181
52 100
52 181
52 100
52 196
52 174
52 100
52 116
52 172
52 191
52 100
52 191
53 183
53 139
53 189
53 166
53 105
53 192
53 125
53 187
53 117
53 185
53 184
53 192
53 193
53 128
53 195
53 179
53 166
53 182
53 105
54 168
54 125
54 139
54 122
54 137
54 133
54 182
54 116
54 188
54 117
54 156
54 175
54 115
54 161
54 164
54 176
54 193
54 121
54 144
55 162
55 193
55 146
55 150
55 114
55 156
55 122
55 122
55 189
55 100
55 143
55 105
55 196
55 112
55 123
55 127
55 119
55 160
55 143
56 191
56 171
56 197
56 102
56 139
56 164
56 111
56 158
56 147
56 151
56 102
56 154
56 142
56 137
56 119
56 111
56 136
56 108
56 152
57 141
57 187
57 106
57 167
57 196
57 185
57 125
57 197
57 133
57 176
57 106
57 106
57 175
57 177
57 147
57 129
57 132
57 167
57 115
58 121
58 177
58 192
58 191
58 104
58 165
58 106
58 164
58 173
58 178
58 144
58 193
58 133
58 181
58 180
58 164
58 163
58 170
58 165
59 101
59 184
59 105
59 158
59 162
59 197
59 128
59 121
59 117
59 144
59 149
59 150
59 132
59 163
59 166
59 100
59 128
59 169
59 140
60 162
60 194
60 103
60 142
60 100
60 163
60 119
60 148
60 117
60 194
60 151
60 188
60 153
60 160
60 112
60 152
60 100
60 155
60 139
61 146
61 174
61 176
61 145
61 198
61 162
61 176
61 108
61 106
61 113
61 154
61 161
61 116
61 120
61 103
61 141
61 140
61 111
61 154
62 177
62 101
62 170
62 168
62 105
62 103
62 141
62 177
62 174
62 194
62 131
62 181
62 158
62 190
62 112
62 134
62 105
62 111
62 192
63 193
63 135
63 184
63 134
63 116
63 105
63 197
63 153
63 168
63 139
63 106
63 101
63 172
63 195
63 135
63 158
63 130
63 195
63 198
64 134
64 117
64 145
64 195
64 107
64 141
64 184
64 187
64 151
64 195
64 107
64 104
64 172
64 173
64 154
64 165
64 172
64 190
64 105
65 119
65 133
65 111
65 169
65 164
65 131
65 187
65 110
65 187
65 178
65 188
65 199
65 129
65 175
65 183
65 134
65 175
65 148
65 193
66 127
66 122
66 188
66 181
66 164
66 120
66 118
66 119
66 191
66 184
66 180
66 110
66 164
66 130
66 112
66 182
66 147
66 165
66 147
67 107
67 102
67 117
67 178
67 107
67 184
67 125
67 176
67 124
67 140
67 198
67 194
67 171
67 125
67 134
67 110
67 154
67 144
67 105
68 173
68 139
68 116
68 134
68 159
68 154
68 143
68 106
68 174
68 147
68 149
68 117
68 183
68 110
68 126
68 181
68 102
68 118
68 101
69 169
69 174
69 172
69 172
69 192
69 136
69 178
69 153
69 111
69 189
69 102
69 118
69 181
69 146
69 113
69 168
69 182
69 185
69 103
70 137
70 126
70 186
70 140
70 139
70 196
70 175
70 146
70 123
70 139
70 190
70 185
70 136
70 154
70 180
70 159
70 174
70 112
70 115
71 106
71 146
71 170
71 178
71 195
71 178
71 134
71 197
71 126
71 151
71 176
71 184
71 152
71 131
71 144
71 165
71 148
71 130
71 124
72 118
72 115
72 104
72 127
72 157
72 136
72 196
72 159
72 134
72 148
72 120
72 152
72 183
72 183
72 150
72 131
72 195
72 159
72 113
73 154
73 134
73 180
73 181
73 185
73 110
73 190
73 116
73 122
73 123
73 112
73 176
73 102
73 167
73 151
73 170
73 189
73 104
73 187
74 197
74 136
74 120
74 144
74 173
74 178
74 136
74 121
74 160
74 164
74 130
74 194
74 110
74 127
74 193
74 173
74 109
74 124
74 134
75 133
75 193
75 146
75 167
75 138
75 178
75 168
75 113
75 180
75 120
75 161
75 187
75 190
75 119
75 198
75 159
75 138
75 127
75 159
76 173
76 181
76 199
76 139
76 151
76 125
76 126
76 163
76 137
76 144
76 105
76 162
76 120
76 132
76 193
76 158
76 103
76 128
76 180
77 129
77 137
77 102
77 111
77 114
77 150
77 185
77 194
77 105
77 114
77 107
77 107
77 136
77 116
77 157
77 145
77 156
77 120
77 120
78 121
78 163
78 195
78 197
78 180
78 122
78 169
78 132
78 173
78 131
78 189
78 112
78 134
78 186
78 169
78 131
78 134
78 162
78 104
79 157
79 134
79 175
79 101
79 155
79 184
79 135
79 151
79 179
79 177
79 110
79 143
79 103
79 198
79 159
79 147
79 196
79 150
79 112
80 112
80 144
80 184
80 105
80 110
80 136
80 101
80 158
80 160
80 108
80 194
80 107
80 111
80 157
80 138
80 182
80 129
80 158
80 138
81 197
81 139
81 114
81 143
81 197
81 124
81 137
81 138
81 103
81 168
81 130
81 119
81 189
81 105
81 138
81 119
81 108
81 194
81 183
82 107
82 190
82 154
82 132
82 130
82 171
82 173
82 129
82 136
82 170
82 153
82 171
82 102
82 178
82 139
82 158
82 127
82 162
82 113
83 147
83 128
83 154
83 180
83 189
83 115
83 164
83 176
83 184
83 169
83 148
83 144
83 129
83 162
83 100
83 184
83 161
83 163
83 100
84 183
84 101
84 159
84 178
84 181
84 159
84 140
84 158
84 173
84 167
84 136
84 176
84 100
84 109
84 113
84 158
84 117
84 183
84 114
85 185
85 130
85 166
85 127
85 129
85 177
85 171
85 156
85 187
85 161
85 176
85 173
85 163
85 112
85 121
85 148
85 158
85 113
85 153
86 119
86 112
86 115
86 170
86 116
86 147
86 164
86 190
86 124
86 114
86 144
86 163
86 136
86 169
86 106
86 154
86 189
86 199
86 161
87 127
87 194
87 152
87 141
87 117
87 155
87 172
87 170
87 170
87 141
87 103
87 194
87 134
87 160
87 154
87 162
87 189
87 158
87 140
88 101
88 155
88 161
88 157
88 129
88 117
88 193
88 148
88 128
88 189
88 146
88 173
88 116
88 179
88 197
88 186
88 185
88 139
88 117
89 139
89 171
89 170
89 199
89 152
89 115
89 134
89 182
89 171
89 105
89 182
89 134
89 163
89 184
89 103
89 150
89 161
89 100
89 101
90 125
90 125
90 177
90 178
90 198
90 133
90 118
90 174
90 167
90 126
90 183
90 131
90 132
90 168
90 168
90 159
90 162
90 113
90 100
91 124
91 122
91 154
91 130
91 188
91 144
91 182
91 116
91 144
91 165
91 144
91 172
91 171
91 101
91 188
91 100
91 147
91 134
91 193
92 162
92 120
92 170
92 134
92 102
92 108
92 152
92 171
92 148
92 120
92 138
92 115
92 149
92 105
92 151
92 116
92 143
92 155
92 124
93 172
93 189
93 147
93 122
93 183
93 150
93 151
93 139
93 142
93 185
93 125
93 146
93 102
93 130
93 197
93 192
93 129
93 167
93 163
94 120
94 132
94 145
94 117
94 123
94 134
94 159
94 153
94 170
94 182
94 189
94 111
94 127
94 190
94 152
94 175
94 134
94 106
94 118
95 162
95 196
95 142
95 172
95 104
95 101
95 173
95 164
95 157
95 123
95 148
95 171
95 104
95 188
95 126
95 145
95 150
95 157
95 132
96 129
96 159
96 147
96 146
96 136
96 125
96 151
96 130
96 127
96 198
96 140
96 181
96 132
96 187
96 136
96 192
96 146
96 155
96 108
97 128
97 144
97 184
97 122
97 166
97 103
97 187
97 150
97 155
97 193
97 107
97 113
97 183
97 131
97 168
97 133
97 137
97 116
97 155
98 101
98 111
98 100
98 137
98 141
98 156
98 155
98 190
98 151
98 105
98 198
98 119
98 190
98 132
98 184
98 155
98 100
98 136
98 147
99 187
99 159
99 181
99 161
99 181
99 165
99 103
99 142
99 120
99 172
99 151
99 148
99 191
99 161
99 134
99 127
99 187
99 117
99 195
100 116
100 167
100 178
100 112
100 168
100 179
100 188
100 141
100 170
100 157
100 143
100 193
100 185
100 169
100 178
100 177
100 185
100 190
100 194
