150
1425
1 143
1 142
1 106
1 110
1 115
1 89
1 109
1 142
1 137
1 140
1 142
1 128
1 136
1 107
1 135
1 108
1 141
1 87
1 107
2 83
2 128
2 123
2 91
2 114
2 100
2 139
2 115
2 103
2 130
2 131
2 133
2 122
2 141
2 127
2 75
2 108
2 96
2 108
3 75
3 113
3 139
3 130
3 81
3 98
3 116
3 96
3 105
3 107
3 145
3 125
3 90
3 85
3 92
3 125
3 145
3 97
3 112
4 103
4 90
4 125
4 93
4 102
4 101
4 122
4 112
4 138
4 93
4 130
4 79
4 104
4 132
4 149
4 146
4 118
4 139
4 142
5 147
5 83
5 124
5 92
5 79
5 120
5 75
5 145
5 137
5 100
5 118
5 129
5 77
5 85
5 144
5 149
5 97
5 76
5 107
6 102
6 88
6 109
6 105
6 120
6 112
6 101
6 146
6 147
6 147
6 78
6 75
6 105
6 80
6 147
6 125
6 113
6 110
6 131
7 118
7 148
7 145
7 121
7 93
7 146
7 102
7 142
7 137
7 90
7 119
7 101
7 127
7 94
7 148
7 146
7 129
7 128
7 93
8 118
8 122
8 115
8 105
8 81
8 137
8 99
8 141
8 94
8 122
8 96
8 109
8 89
8 110
8 127
8 124
8 81
8 80
8 112
9 124
9 114
9 140
9 135
9 117
9 98
9 85
9 149
9 109
9 120
9 133
9 84
9 117
9 100
9 111
9 120
9 114
9 102
9 141
10 88
10 101
10 102
10 136
10 95
10 121
10 144
10 149
10 113
10 103
10 131
10 135
10 124
10 132
10 105
10 145
10 88
10 102
10 124
11 119
11 143
11 139
11 144
11 99
11 122
11 147
11 98
11 125
11 131
11 125
11 103
11 88
11 131
11 143
11 100
11 115
11 100
11 86
12 94
12 82
12 86
12 75
12 78
12 106
12 136
12 99
12 91
12 138
12 129
12 101
12 75
12 76
12 103
12 143
12 146
12 76
12 126
13 90
13 129
13 133
13 126
13 78
13 136
13 111
13 140
13 82
13 116
13 104
13 127
13 76
13 145
13 114
13 110
13 129
13 85
13 121
14 105
14 146
14 144
14 137
14 82
14 101
14 75
14 134
14 128
14 117
14 94
14 86
14 76
14 146
14 121
14 84
14 113
14 93
14 86
15 112
15 95
15 121
15 104
15 115
15 82
15 144
15 116
15 103
15 145
15 147
15 80
15 132
15 95
15 84
15 146
15 86
15 95
15 146
16 80
16 116
16 127
16 80
16 146
16 112
16 94
16 93
16 78
16 109
16 141
16 115
16 86
16 99
16 113
16 136
16 104
16 107
16 113
17 126
17 123
17 123
17 142
17 129
17 141
17 115
17 107
17 122
17 82
17 145
17 78
17 86
17 118
17 146
17 130
17 94
17 141
17 89
18 119
18 127
18 141
18 137
18 145
18 85
18 147
18 100
18 87
18 148
18 88
18 112
18 88
18 76
18 126
18 135
18 113
18 88
18 101
19 115
19 115
19 91
19 137
19 111
19 76
19 100
19 96
19 82
19 111
19 133
19 109
19 114
19 84
19 144
19 125
19 82
19 129
19 132
20 99
20 121
20 147
20 102
20 112
20 82
20 135
20 92
20 95
20 83
20 126
20 106
20 102
20 88
20 138
20 90
20 92
20 99
20 100
21 140
21 119
21 113
21 120
21 130
21 132
21 89
21 131
21 112
21 92
21 126
21 95
21 79
21 81
21 82
21 128
21 116
21 134
21 113
22 145
22 142
22 82
22 119
22 131
22 79
22 92
22 138
22 98
22 109
22 124
22 141
22 100
22 92
22 118
22 98
22 123
22 135
22 118
23 147
23 86
23 115
23 108
23 94
23 115
23 95
23 79
23 81
23 84
23 120
23 100
23 128
23 106
23 106
23 148
23 118
23 105
23 87
24 114
24 94
24 113
24 105
24 83
24 77
24 129
24 96
24 147
24 92
24 127
24 149
24 113
24 135
24 106
24 134
24 81
24 136
24 148
25 102
25 144
25 125
25 111
25 132
25 123
25 85
25 87
25 95
25 107
25 105
25 129
25 90
25 116
25 114
25 95
25 80
25 93
25 141
26 91
26 108
26 143
26 82
26 134
26 130
26 100
26 103
26 146
26 119
26 98
26 118
26 122
26 130
26 87
26 144
26 78
26 89
26 122
27 104
27 102
27 90
27 110
27 128
27 87
27 131
27 115
27 135
27 107
27 90
27 82
27 107
27 84
27 100
27 88
27 113
27 112
27 122
28 134
28 138
28 99
28 122
28 91
28 101
28 119
28 85
28 94
28 132
28 114
28 116
28 85
28 137
28 147
28 143
28 111
28 87
28 131
29 143
29 83
29 121
29 85
29 100
29 115
29 133
29 95
29 117
29 81
29 138
29 139
29 123
29 84
29 100
29 77
29 136
29 109
29 113
30 114
30 96
30 140
30 92
30 147
30 130
30 84
30 113
30 95
30 118
30 92
30 104
30 124
30 114
30 117
30 95
30 104
30 125
30 145
31 92
31 136
31 120
31 127
31 85
31 136
31 108
31 135
31 129
31 132
31 135
31 100
31 146
31 78
31 102
31 116
31 89
31 144
31 128
32 103
32 122
32 147
32 89
32 93
32 75
32 132
32 110
32 120
32 116
32 122
32 116
32 109
32 90
32 145
32 112
32 96
32 91
32 94
33 146
33 117
33 96
33 141
33 138
33 108
33 78
33 78
33 78
33 101
33 76
33 100
33 83
33 118
33 143
33 100
33 84
33 130
33 105
34 108
34 84
34 88
34 92
34 115
34 126
34 104
34 95
34 108
34 149
34 129
34 79
34 128
34 77
34 147
34 108
34 87
34 79
34 81
35 133
35 119
35 121
35 75
35 85
35 76
35 78
35 147
35 101
35 117
35 129
35 137
35 83
35 89
35 85
35 115
35 125
35 134
35 132
36 134
36 133
36 77
36 142
36 149
36 95
36 107
36 135
36 111
36 78
36 101
36 142
36 106
36 141
36 126
36 127
36 82
36 126
36 126
37 101
37 126
37 103
37 136
37 126
37 108
37 112
37 97
37 109
37 87
37 77
37 122
37 76
37 139
37 141
37 94
37 111
37 103
37 123
38 108
38 111
38 147
38 100
38 95
38 83
38 96
38 128
38 134
38 148
38 105
38 117
38 115
38 114
38 145
38 93
38 77
38 96
38 95
39 79
39 85
39 81
39 114
39 93
39 76
39 76
39 126
39 108
39 131
39 98
39 109
39 122
39 147
39 143
39 146
39 75
39 88
39 104
40 121
40 76
40 102
40 111
40 137
40 146
40 97
40 76
40 90
40 118
40 95
40 101
40 124
40 114
40 132
40 110
40 116
40 75
40 149
41 85
41 126
41 131
41 85
41 143
41 105
41 90
41 106
41 127
41 138
41 124
41 76
41 82
41 147
41 107
41 135
41 104
41 148
41 103
42 144
42 79
42 114
42 122
42 85
42 90
42 106
42 144
42 128
42 131
42 94
42 78
42 98
42 87
42 143
42 90
42 143
42 83
42 144
43 149
43 141
43 118
43 78
43 125
43 83
43 147
43 76
43 128
43 123
43 111
43 110
43 125
43 139
43 116
43 102
43 137
43 118
43 83
44 88
44 75
44 128
44 129
44 86
44 83
44 95
44 116
44 126
44 87
44 82
44 83
44 102
44 105
44 84
44 88
44 112
44 84
44 108
45 99
45 123
45 87
45 147
45 94
45 133
45 137
45 139
45 115
45 92
45 81
45 93
45 112
45 93
45 126
45 111
45 146
45 117
45 123
46 130
46 76
46 94
46 80
46 110
46 145
46 83
46 134
46 76
46 143
46 140
46 148
46 142
46 136
46 140
46 125
46 126
46 111
46 98
47 86
47 76
47 142
47 142
47 147
47 116
47 113
47 105
47 95
47 127
47 120
47 140
47 78
47 114
47 120
47 111
47 127
47 147
47 81
48 77
48 85
48 124
48 146
48 135
48 80
48 128
48 149
48 122
48 107
48 136
48 103
48 115
48 130
48 106
48 134
48 137
48 83
48 97
49 145
49 147
49 92
49 83
49 77
49 125
49 136
49 95
49 91
49 138
49 134
49 143
49 108
49 90
49 122
49 76
49 108
49 141
49 80
50 143
50 149
50 84
50 100
50 124
50 92
50 147
50 89
50 82
50 105
50 114
50 119
50 86
50 124
50 135
50 111
50 108
50 140
50 139
51 87
51 131
51 91
51 82
51 75
51 107
51 81
51 109
51 114
51 106
51 100
51 106
51 100
51 88
51 139
51 75
51 104
51 120
51 120
52 117
52 116
52 123
52 119
52 77
52 98
52 90
52 126
52 99
52 118
52 120
52 147
52 126
52 136
52 98
52 102
52 112
52 80
52 100
53 146
53 119
53 103
53 75
53 82
53 76
53 142
53 102
53 77
53 88
53 83
53 128
53 88
53 108
53 120
53 102
53 102
53 94
53 111
54 111
54 77
54 148
54 102
54 112
54 81
54 144
54 121
54 100
54 99
54 112
54 140
54 81
54 112
54 144
54 76
54 149
54 93
54 140
55 85
55 109
55 110
55 95
55 131
55 100
55 137
55 106
55 111
55 112
55 106
55 108
55 136
55 117
55 112
55 88
55 83
55 134
55 135
56 87
56 148
56 106
56 116
56 135
56 137
56 115
56 145
56 87
56 76
56 96
56 109
56 148
56 107
56 96
56 81
56 123
56 97
56 107
57 94
57 75
57 127
57 149
57 83
57 95
57 144
57 133
57 134
57 148
57 106
57 112
57 124
57 121
57 132
57 141
57 101
57 145
57 125
58 120
58 144
58 114
58 107
58 133
58 116
58 130
58 141
58 99
58 108
58 115
58 121
58 108
58 116
58 87
58 78
58 95
58 77
58 116
59 103
59 123
59 124
59 119
59 128
59 131
59 115
59 107
59 137
59 119
59 93
59 134
59 117
59 85
59 148
59 130
59 137
59 84
59 123
60 149
60 105
60 94
60 124
60 89
60 123
60 109
60 138
60 131
60 92
60 99
60 75
60 113
60 125
60 141
60 105
60 142
60 146
60 139
61 89
61 77
61 96
61 93
61 107
61 94
61 111
61 123
61 78
61 84
61 100
61 141
61 108
61 104
61 84
61 90
61 97
61 80
61 120
62 114
62 91
62 83
62 112
62 121
62 145
62 130
62 80
62 99
62 85
62 111
62 113
62 132
62 129
62 81
62 145
62 101
62 94
62 136
63 95
63 122
63 121
63 124
63 107
63 141
63 77
63 92
63 79
63 131
63 96
63 96
63 148
63 127
63 111
63 76
63 123
63 119
63 101
64 137
64 84
64 99
64 122
64 86
64 136
64 75
64 141
64 114
64 130
64 110
64 80
64 79
64 85
64 97
64 143
64 123
64 134
64 130
65 117
65 109
65 146
65 131
65 110
65 120
65 98
65 118
65 111
65 124
65 138
65 99
65 93
65 97
65 97
65 83
65 120
65 122
65 104
66 113
66 106
66 110
66 142
66 145
66 120
66 92
66 76
66 85
66 85
66 123
66 76
66 92
66 81
66 131
66 97
66 103
66 89
66 139
67 80
67 149
67 122
67 146
67 109
67 78
67 108
67 131
67 136
67 97
67 87
67 143
67 117
67 140
67 115
67 137
67 111
67 115
67 105
68 125
68 120
68 95
68 128
68 98
68 109
68 79
68 109
68 100
68 97
68 76
68 132
68 99
68 144
68 125
68 143
68 109
68 141
68 138
69 138
69 75
69 87
69 110
69 90
69 124
69 110
69 103
69 116
69 90
69 88
69 87
69 121
69 98
69 93
69 116
69 129
69 128
69 112
70 77
70 80
70 118
70 136
70 113
70 135
70 123
70 94
70 149
70 103
70 145
70 133
70 89
70 144
70 111
70 145
70 80
70 117
70 148
71 120
71 126
71 89
71 85
71 81
71 77
71 78
71 86
71 118
71 82
71 125
71 126
71 87
71 107
71 116
71 140
71 88
71 149
71 99
72 88
72 146
72 114
72 136
72 117
72 81
72 149
72 124
72 111
72 125
72 149
72 91
72 77
72 84
72 116
72 79
72 77
72 112
72 83
73 129
73 79
73 117
73 143
73 79
73 92
73 92
73 85
73 139
73 88
73 86
73 120
73 75
73 79
73 121
73 79
73 132
73 129
73 86
74 132
74 145
74 108
74 117
74 107
74 104
74 129
74 101
74 78
74 147
74 93
74 111
74 91
74 80
74 111
74 148
74 148
74 146
74 135
75 117
75 113
75 142
75 148
75 77
75 132
75 120
75 104
75 85
75 115
75 96
75 112
75 146
75 122
75 124
75 147
75 134
75 91
75 121
