250
2375
1 147
1 190
1 204
1 209
1 148
1 218
1 186
1 134
1 209
1 178
1 247
1 161
1 194
1 155
1 204
1 181
1 150
1 201
1 243
2 142
2 208
2 197
2 139
2 248
2 159
2 174
2 232
2 238
2 202
2 222
2 187
2 200
2 249
2 145
2 168
2 165
2 162
2 193
3 198
3 161
3 178
3 247
3 236
3 168
3 171
3 152
3 198
3 152
3 229
3 179
3 129
3 142
3 201
3 155
3 180
3 132
3 199
4 187
4 184
4 218
4 228
4 171
4 193
4 160
4 162
4 213
4 184
4 179
4 146
4 204
4 225
4 134
4 125
4 145
4 128
4 163
5 215
5 187
5 231
5 218
5 242
5 135
5 137
5 137
5 242
5 209
5 200
5 210
5 231
5 200
5 148
5 214
5 209
5 190
5 180
6 145
6 245
6 203
6 169
6 156
6 234
6 180
6 214
6 213
6 248
6 172
6 247
6 229
6 235
6 184
6 242
6 130
6 216
6 181
7 219
7 174
7 192
7 128
7 157
7 160
7 210
7 152
7 200
7 197
7 130
7 190
7 177
7 242
7 229
7 247
7 199
7 199
7 135
8 242
8 206
8 222
8 151
8 145
8 168
8 243
8 186
8 225
8 200
8 210
8 243
8 160
8 234
8 161
8 239
8 172
8 218
8 206
9 203
9 157
9 203
9 218
9 202
9 169
9 200
9 242
9 156
9 213
9 130
9 205
9 139
9 208
9 209
9 159
9 248
9 201
9 221
10 228
10 221
10 130
10 139
10 226
10 181
10 200
10 199
10 208
10 194
10 220
10 147
10 162
10 157
10 169
10 195
10 149
10 227
10 162
11 187
11 223
11 225
11 160
11 165
11 128
11 214
11 186
11 218
11 130
11 135
11 143
11 202
11 156
11 227
11 139
11 202
11 226
11 194
12 187
12 205
12 185
12 207
12 216
12 186
12 205
12 161
12 168
12 148
12 222
12 170
12 135
12 228
12 243
12 199
12 138
12 161
12 173
13 229
13 236
13 192
13 195
13 223
13 162
13 147
13 148
13 167
13 187
13 229
13 206
13 246
13 135
13 187
13 166
13 151
13 135
13 247
14 226
14 197
14 130
14 231
14 155
14 149
14 202
14 231
14 226
14 207
14 196
14 195
14 153
14 134
14 135
14 240
14 163
14 179
14 173
15 154
15 228
15 248
15 133
15 129
15 216
15 217
15 199
15 204
15 172
15 156
15 211
15 222
15 150
15 158
15 126
15 185
15 187
15 131
16 173
16 145
16 183
16 241
16 194
16 184
16 202
16 238
16 145
16 192
16 150
16 191
16 231
16 213
16 175
16 166
16 146
16 239
16 199
17 195
17 204
17 167
17 172
17 201
17 177
17 126
17 155
17 235
17 192
17 128
17 151
17 218
17 151
17 189
17 157
17 227
17 155
17 248
18 211
18 184
18 217
18 241
18 145
18 173
18 152
18 186
18 208
18 176
18 128
18 208
18 188
18 176
18 206
18 152
18 225
18 176
18 219
19 198
19 245
19 140
19 167
19 204
19 167
19 184
19 199
19 166
19 216
19 222
19 195
19 205
19 140
19 180
19 152
19 175
19 237
19 143
20 139
20 133
20 229
20 235
20 197
20 220
20 156
20 187
20 228
20 197
20 200
20 162
20 128
20 190
20 154
20 157
20 135
20 152
20 197
21 201
21 164
21 219
21 188
21 154
21 187
21 162
21 191
21 130
21 241
21 147
21 131
21 171
21 129
21 177
21 212
21 210
21 147
21 200
22 226
22 154
22 139
22 166
22 201
22 239
22 158
22 169
22 190
22 167
22 209
22 234
22 129
22 186
22 173
22 202
22 213
22 159
22 206
23 241
23 171
23 216
23 129
23 136
23 165
23 174
23 208
23 182
23 142
23 154
23 240
23 160
23 202
23 194
23 164
23 130
23 132
23 232
24 154
24 175
24 231
24 238
24 160
24 193
24 179
24 164
24 224
24 184
24 199
24 152
24 205
24 138
24 171
24 223
24 164
24 243
24 125
25 135
25 178
25 216
25 150
25 138
25 176
25 162
25 230
25 207
25 168
25 179
25 215
25 152
25 243
25 243
25 178
25 128
25 176
25 195
26 147
26 193
26 187
26 240
26 169
26 180
26 226
26 196
26 144
26 237
26 125
26 165
26 201
26 206
26 202
26 183
26 167
26 206
26 144
27 163
27 221
27 239
27 173
27 125
27 167
27 237
27 208
27 216
27 215
27 229
27 238
27 167
27 200
27 129
27 230
27 161
27 128
27 184
28 152
28 145
28 154
28 214
28 220
28 243
28 181
28 219
28 246
28 194
28 148
28 207
28 152
28 244
28 141
28 181
28 199
28 208
28 242
29 194
29 170
29 182
29 246
29 194
29 191
29 156
29 134
29 240
29 180
29 151
29 200
29 178
29 222
29 246
29 228
29 178
29 189
29 212
30 178
30 143
30 157
30 149
30 157
30 161
30 129
30 221
30 237
30 199
30 247
30 165
30 232
30 152
30 142
30 127
30 227
30 201
30 215
31 204
31 223
31 169
31 226
31 127
31 164
31 184
31 211
31 174
31 205
31 243
31 212
31 183
31 224
31 176
31 217
31 210
31 125
31 197
32 195
32 151
32 145
32 198
32 155
32 145
32 192
32 227
32 150
32 232
32 181
32 142
32 195
32 189
32 163
32 233
32 221
32 127
32 182
33 204
33 166
33 217
33 186
33 218
33 177
33 178
33 141
33 161
33 196
33 189
33 168
33 243
33 174
33 167
33 166
33 230
33 153
33 171
34 150
34 169
34 157
34 146
34 204
34 143
34 208
34 136
34 176
34 127
34 171
34 178
34 125
34 216
34 152
34 212
34 128
34 225
34 184
35 206
35 203
35 190
35 145
35 142
35 166
35 208
35 194
35 192
35 201
35 202
35 239
35 226
35 230
35 162
35 211
35 243
35 146
35 212
36 163
36 170
36 201
36 128
36 133
36 128
36 166
36 209
36 180
36 229
36 165
36 233
36 207
36 158
36 162
36 220
36 174
36 164
36 173
37 147
37 131
37 240
37 152
37 169
37 167
37 192
37 169
37 127
37 212
37 130
37 139
37 149
37 207
37 148
37 243
37 156
37 173
37 137
38 148
38 222
38 159
38 243
38 170
38 157
38 237
38 192
38 158
38 248
38 233
38 201
38 170
38 188
38 198
38 193
38 130
38 183
38 173
39 243
39 172
39 160
39 232
39 194
39 249
39 247
39 131
39 185
39 158
39 130
39 147
39 234
39 144
39 203
39 242
39 140
39 161
39 187
40 231
40 227
40 185
40 175
40 208
40 168
40 156
40 197
40 200
40 141
40 150
40 143
40 140
40 220
40 167
40 224
40 128
40 181
40 221
41 226
41 176
41 125
41 161
41 190
41 248
41 205
41 240
41 246
41 133
41 153
41 128
41 215
41 138
41 192
41 203
41 134
41 210
41 133
42 155
42 130
42 141
42 213
42 126
42 135
42 245
42 201
42 203
42 182
42 163
42 222
42 157
42 181
42 206
42 183
42 214
42 229
42 147
43 231
43 186
43 159
43 170
43 137
43 158
43 151
43 218
43 212
43 167
43 161
43 171
43 144
43 225
43 189
43 238
43 132
43 249
43 196
44 145
44 131
44 215
44 249
44 151
44 225
44 175
44 148
44 202
44 203
44 184
44 202
44 203
44 163
44 223
44 221
44 247
44 181
44 162
45 186
45 230
45 171
45 209
45 183
45 135
45 168
45 221
45 151
45 143
45 246
45 147
45 230
45 129
45 184
45 137
45 242
45 161
45 149
46 133
46 128
46 164
46 157
46 249
46 194
46 154
46 214
46 241
46 247
46 176
46 167
46 177
46 246
46 130
46 178
46 142
46 139
46 134
47 244
47 166
47 180
47 185
47 176
47 211
47 177
47 229
47 172
47 228
47 239
47 218
47 126
47 212
47 186
47 246
47 237
47 247
47 209
48 169
48 140
48 208
48 212
48 194
48 140
48 186
48 180
48 185
48 230
48 196
48 164
48 156
48 245
48 190
48 210
48 125
48 201
48 229
49 134
49 197
49 225
49 186
49 185
49 150
49 197
49 134
49 167
49 248
49 174
49 222
49 248
49 220
49 129
49 215
49 198
49 179
49 247
50 133
50 139
50 226
50 168
50 242
50 198
50 172
50 170
50 246
50 170
50 193
50 173
50 147
50 174
50 220
50 131
50 224
50 222
50 156
51 205
51 208
51 200
51 146
51 209
51 195
51 152
51 207
51 234
51 218
51 125
51 215
51 146
51 213
51 194
51 147
51 133
51 240
51 226
52 153
52 245
52 162
52 212
52 167
52 225
52 193
52 149
52 238
52 133
52 222
52 146
52 153
52 174
52 204
52 137
52 133
52 149
52 161
53 188
53 187
53 140
53 175
53 126
53 213
53 240
53 141
53 159
53 131
53 154
53 194
53 241
53 132
53 174
53 199
53 153
53 234
53 147
54 131
54 139
54 183
54 246
54 157
54 138
54 246
54 189
54 198
54 226
54 165
54 182
54 161
54 244
54 189
54 215
54 203
54 127
54 228
55 180
55 212
55 173
55 157
55 219
55 162
55 148
55 201
55 129
55 156
55 231
55 249
55 222
55 130
55 234
55 179
55 133
55 158
55 217
56 163
56 167
56 195
56 163
56 142
56 183
56 234
56 145
56 175
56 164
56 145
56 205
56 176
56 174
56 234
56 216
56 207
56 236
56 193
57 237
57 180
57 187
57 178
57 147
57 175
57 131
57 224
57 128
57 163
57 131
57 200
57 168
57 242
57 148
57 227
57 136
57 235
57 219
58 185
58 190
58 132
58 175
58 197
58 203
58 199
58 170
58 222
58 172
58 172
58 157
58 163
58 243
58 190
58 154
58 246
58 237
58 230
59 139
59 230
59 195
59 198
59 239
59 225
59 134
59 204
59 178
59 220
59 133
59 226
59 204
59 138
59 134
59 181
59 196
59 197
59 228
60 157
60 213
60 180
60 168
60 136
60 151
60 174
60 195
60 223
60 238
60 130
60 184
60 184
60 202
60 227
60 182
60 142
60 222
60 199
61 215
61 246
61 219
61 211
61 137
61 225
61 167
61 241
61 243
61 159
61 237
61 154
61 208
61 180
61 137
61 125
61 196
61 209
61 147
62 130
62 246
62 193
62 137
62 198
62 208
62 187
62 150
62 198
62 152
62 145
62 131
62 173
62 132
62 235
62 132
62 153
62 129
62 171
63 135
63 156
63 131
63 150
63 248
63 146
63 215
63 200
63 145
63 230
63 173
63 162
63 223
63 199
63 196
63 185
63 199
63 140
63 152
64 237
64 247
64 226
64 146
64 228
64 242
64 133
64 165
64 214
64 197
64 211
64 136
64 125
64 137
64 223
64 134
64 177
64 242
64 231
65 143
65 171
65 233
65 151
65 211
65 149
65 202
65 227
65 156
65 175
65 140
65 181
65 228
65 224
65 248
65 158
65 184
65 235
65 196
66 188
66 182
66 249
66 195
66 134
66 135
66 149
66 240
66 131
66 193
66 183
66 129
66 201
66 177
66 248
66 140
66 246
66 242
66 134
67 215
67 175
67 248
67 198
67 246
67 195
67 185
67 140
67 193
67 188
67 131
67 215
67 240
67 217
67 209
67 185
67 209
67 180
67 245
68 147
68 221
68 177
68 180
68 182
68 242
68 228
68 157
68 142
68 171
68 165
68 231
68 201
68 236
68 235
68 219
68 163
68 235
68 179
69 161
69 164
69 133
69 182
69 195
69 210
69 221
69 183
69 140
69 224
69 237
69 162
69 216
69 209
69 232
69 206
69 208
69 132
69 182
70 199
70 137
70 224
70 165
70 154
70 227
70 217
70 240
70 150
70 213
70 179
70 176
70 210
70 139
70 144
70 172
70 141
70 213
70 194
71 206
71 192
71 224
71 144
71 148
71 136
71 234
71 190
71 144
71 186
71 183
71 198
71 166
71 205
71 204
71 136
71 129
71 229
71 204
72 128
72 176
72 203
72 169
72 211
72 144
72 152
72 240
72 146
72 200
72 181
72 213
72 215
72 246
72 160
72 235
72 145
72 211
72 167
73 162
73 227
73 171
73 150
73 142
73 161
73 236
73 160
73 183
73 239
73 248
73 157
73 171
73 191
73 127
73 147
73 136
73 208
73 145
74 136
74 128
74 166
74 206
74 235
74 212
74 166
74 213
74 249
74 139
74 197
74 131
74 247
74 162
74 150
74 186
74 131
74 239
74 208
75 226
75 147
75 161
75 190
75 209
75 210
75 178
75 171
75 189
75 169
75 170
75 248
75 182
75 199
75 219
75 125
75 195
75 163
75 173
76 133
76 184
76 248
76 227
76 206
76 128
76 177
76 215
76 245
76 175
76 170
76 165
76 208
76 219
76 206
76 230
76 225
76 203
76 128
77 190
77 176
77 139
77 216
77 149
77 156
77 246
77 182
77 168
77 196
77 221
77 127
77 143
77 177
77 204
77 209
77 248
77 125
77 230
78 190
78 170
78 126
78 160
78 220
78 212
78 158
78 196
78 187
78 134
78 131
78 212
78 186
78 184
78 159
78 130
78 159
78 180
78 155
79 230
79 170
79 181
79 197
79 150
79 204
79 138
79 212
79 217
79 135
79 138
79 208
79 164
79 185
79 201
79 190
79 125
79 132
79 172
80 195
80 242
80 219
80 167
80 217
80 234
80 245
80 158
80 188
80 160
80 195
80 198
80 204
80 249
80 161
80 153
80 223
80 200
80 125
81 125
81 182
81 210
81 149
81 200
81 199
81 245
81 163
81 173
81 200
81 144
81 171
81 197
81 166
81 184
81 129
81 144
81 150
81 200
82 190
82 228
82 194
82 135
82 159
82 180
82 169
82 166
82 177
82 225
82 169
82 188
82 202
82 149
82 141
82 186
82 150
82 151
82 234
83 172
83 215
83 248
83 191
83 186
83 234
83 155
83 209
83 249
83 147
83 209
83 140
83 162
83 214
83 159
83 245
83 164
83 231
83 227
84 153
84 171
84 226
84 213
84 176
84 231
84 158
84 181
84 228
84 184
84 178
84 212
84 225
84 132
84 225
84 178
84 227
84 151
84 229
85 189
85 134
85 236
85 167
85 188
85 155
85 170
85 140
85 147
85 239
85 218
85 227
85 239
85 142
85 168
85 229
85 149
85 186
85 144
86 219
86 132
86 240
86 201
86 177
86 184
86 178
86 193
86 203
86 187
86 161
86 167
86 173
86 207
86 142
86 237
86 177
86 216
86 240
87 136
87 133
87 219
87 187
87 134
87 162
87 152
87 226
87 175
87 176
87 205
87 138
87 208
87 245
87 133
87 162
87 207
87 125
87 226
88 180
88 132
88 158
88 135
88 172
88 181
88 137
88 200
88 245
88 137
88 228
88 130
88 152
88 243
88 148
88 154
88 170
88 149
88 141
89 142
89 187
89 211
89 199
89 248
89 172
89 233
89 144
89 125
89 231
89 146
89 137
89 130
89 184
89 178
89 171
89 184
89 198
89 224
90 128
90 135
90 152
90 226
90 246
90 236
90 214
90 223
90 161
90 190
90 187
90 244
90 230
90 212
90 213
90 131
90 234
90 175
90 233
91 222
91 137
91 228
91 154
91 202
91 127
91 160
91 199
91 177
91 197
91 247
91 127
91 239
91 211
91 151
91 183
91 164
91 189
91 171
92 196
92 238
92 160
92 242
92 218
92 168
92 171
92 160
92 239
92 190
92 155
92 185
92 185
92 195
92 128
92 140
92 225
92 240
92 140
93 173
93 209
93 161
93 183
93 211
93 192
93 244
93 133
93 169
93 174
93 157
93 182
93 223
93 176
93 222
93 178
93 228
93 243
93 160
94 200
94 130
94 195
94 225
94 173
94 225
94 180
94 199
94 140
94 214
94 248
94 129
94 140
94 161
94 216
94 248
94 157
94 175
94 168
95 133
95 154
95 236
95 154
95 240
95 168
95 203
95 212
95 204
95 211
95 133
95 193
95 216
95 215
95 248
95 248
95 155
95 249
95 188
96 165
96 154
96 249
96 154
96 244
96 151
96 208
96 223
96 214
96 186
96 191
96 146
96 214
96 211
96 232
96 156
96 171
96 182
96 222
97 170
97 131
97 148
97 164
97 173
97 172
97 241
97 171
97 142
97 163
97 210
97 207
97 203
97 126
97 204
97 129
97 230
97 177
97 245
98 151
98 240
98 236
98 135
98 128
98 144
98 221
98 128
98 234
98 168
98 228
98 179
98 225
98 216
98 128
98 176
98 140
98 177
98 154
99 173
99 177
99 242
99 196
99 232
99 129
99 213
99 225
99 195
99 245
99 191
99 237
99 237
99 150
99 142
99 186
99 185
99 140
99 176
100 137
100 147
100 205
100 182
100 160
100 142
100 223
100 216
100 215
100 246
100 244
100 210
100 145
100 152
100 126
100 191
100 220
100 220
100 211
101 135
101 215
101 159
101 145
101 247
101 225
101 203
101 153
101 134
101 180
101 161
101 242
101 154
101 197
101 189
101 173
101 220
101 242
101 171
102 210
102 189
102 128
102 236
102 244
102 126
102 208
102 141
102 188
102 211
102 212
102 168
102 228
102 130
102 207
102 201
102 157
102 220
102 200
103 130
103 221
103 171
103 225
103 175
103 145
103 245
103 134
103 244
103 174
103 198
103 209
103 234
103 158
103 229
103 180
103 194
103 134
103 144
104 126
104 210
104 245
104 239
104 150
104 147
104 160
104 194
104 181
104 226
104 188
104 222
104 163
104 151
104 233
104 234
104 199
104 170
104 176
105 231
105 142
105 150
105 229
105 194
105 230
105 176
105 159
105 202
105 198
105 209
105 171
105 182
105 130
105 155
105 184
105 145
105 192
105 198
106 246
106 168
106 201
106 148
106 142
106 159
106 137
106 201
106 210
106 156
106 182
106 206
106 190
106 134
106 132
106 129
106 172
106 212
106 196
107 197
107 180
107 215
107 190
107 157
107 149
107 136
107 173
107 234
107 197
107 244
107 219
107 230
107 156
107 166
107 186
107 249
107 186
107 141
108 182
108 239
108 178
108 174
108 141
108 156
108 136
108 240
108 178
108 196
108 132
108 180
108 161
108 206
108 167
108 157
108 131
108 225
108 149
109 157
109 232
109 207
109 220
109 160
109 206
109 201
109 190
109 139
109 171
109 244
109 227
109 192
109 237
109 154
109 225
109 185
109 186
109 217
110 181
110 207
110 229
110 201
110 135
110 171
110 172
110 232
110 160
110 175
110 169
110 157
110 128
110 132
110 188
110 184
110 158
110 140
110 189
111 128
111 233
111 183
111 193
111 202
111 233
111 203
111 210
111 127
111 129
111 246
111 149
111 242
111 241
111 238
111 136
111 181
111 180
111 184
112 195
112 225
112 128
112 216
112 209
112 176
112 175
112 207
112 165
112 228
112 207
112 198
112 249
112 245
112 135
112 185
112 220
112 151
112 184
113 186
113 156
113 172
113 167
113 232
113 150
113 157
113 248
113 215
113 241
113 189
113 134
113 159
113 154
113 192
113 132
113 242
113 154
113 248
114 221
114 146
114 224
114 205
114 207
114 162
114 204
114 135
114 209
114 191
114 180
114 142
114 245
114 178
114 221
114 169
114 164
114 216
114 134
115 218
115 231
115 136
115 212
115 249
115 197
115 184
115 158
115 131
115 142
115 161
115 222
115 213
115 246
115 244
115 165
115 149
115 172
115 214
116 126
116 147
116 236
116 132
116 153
116 148
116 206
116 135
116 150
116 147
116 178
116 182
116 187
116 162
116 248
116 242
116 240
116 203
116 198
117 158
117 183
117 133
117 230
117 211
117 170
117 170
117 129
117 162
117 207
117 161
117 211
117 179
117 194
117 208
117 201
117 139
117 249
117 177
118 167
118 203
118 243
118 169
118 235
118 154
118 230
118 216
118 194
118 141
118 248
118 135
118 190
118 162
118 137
118 193
118 154
118 162
118 146
119 220
119 198
119 158
119 212
119 152
119 167
119 206
119 171
119 186
119 189
119 139
119 233
119 127
119 227
119 147
119 144
119 216
119 219
119 177
120 242
120 131
120 142
120 186
120 186
120 232
120 126
120 211
120 225
120 153
120 180
120 224
120 155
120 237
120 198
120 242
120 193
120 232
120 198
121 243
121 244
121 178
121 172
121 165
121 135
121 147
121 227
121 132
121 173
121 226
121 215
121 154
121 125
121 193
121 234
121 161
121 183
121 190
122 127
122 179
122 228
122 248
122 186
122 195
122 178
122 190
122 244
122 141
122 126
122 247
122 137
122 243
122 157
122 221
122 244
122 163
122 222
123 235
123 133
123 195
123 228
123 214
123 200
123 192
123 237
123 246
123 160
123 183
123 173
123 159
123 176
123 139
123 192
123 195
123 216
123 153
124 127
124 178
124 137
124 162
124 147
124 227
124 146
124 150
124 220
124 205
124 243
124 138
124 232
124 167
124 217
124 130
124 194
124 191
124 217
125 127
125 170
125 167
125 167
125 164
125 154
125 196
125 207
125 204
125 174
125 186
125 244
125 246
125 178
125 243
125 249
125 211
125 161
125 232
