175
1653
1 116
1 145
1 108
1 139
1 157
1 89
1 129
1 109
1 88
1 147
1 141
1 156
1 127
1 168
1 100
1 88
1 124
1 160
1 105
2 120
2 107
2 101
2 103
2 145
2 172
2 147
2 167
2 108
2 109
2 126
2 132
2 101
2 93
2 107
2 146
2 155
2 118
2 172
3 96
3 152
3 115
3 88
3 124
3 108
3 152
3 108
3 143
3 160
3 173
3 104
3 143
3 97
3 116
3 97
3 106
3 149
3 112
4 158
4 144
4 166
4 106
4 168
4 88
4 141
4 130
4 154
4 154
4 152
4 159
4 114
4 134
4 164
4 142
4 107
4 109
4 143
5 89
5 164
5 141
5 166
5 171
5 169
5 127
5 156
5 87
5 153
5 98
5 113
5 157
5 97
5 147
5 149
5 110
5 107
5 122
6 131
6 157
6 122
6 105
6 111
6 160
6 132
6 146
6 125
6 159
6 153
6 107
6 109
6 122
6 116
6 92
6 150
6 106
6 124
7 138
7 112
7 143
7 96
7 171
7 142
7 167
7 156
7 97
7 106
7 109
7 132
7 120
7 93
7 150
7 100
7 90
7 159
7 117
8 112
8 146
8 130
8 109
8 155
8 105
8 109
8 139
8 148
8 119
8 164
8 118
8 107
8 159
8 91
8 129
8 142
8 103
8 123
9 155
9 129
9 121
9 158
9 139
9 106
9 132
9 148
9 124
9 97
9 137
9 168
9 105
9 135
9 99
9 168
9 148
9 134
9 104
10 94
10 142
10 152
10 142
10 159
10 103
10 173
10 135
10 132
10 158
10 151
10 166
10 153
10 157
10 132
10 101
10 104
10 121
10 146
11 94
11 129
11 172
11 123
11 146
11 135
11 143
11 96
11 149
11 125
11 139
11 149
11 131
11 107
11 115
11 163
11 148
11 131
11 148
12 147
12 88
12 104
12 94
12 136
12 98
12 95
12 96
12 145
12 158
12 150
12 139
12 161
12 89
12 143
12 88
12 139
12 98
12 89
13 113
13 90
13 91
13 121
13 106
13 112
13 139
13 93
13 169
13 156
13 145
13 121
13 94
13 87
13 131
13 110
13 159
13 164
13 89
14 147
14 88
14 154
14 167
14 103
14 142
14 91
14 130
14 168
14 127
14 158
14 102
14 147
14 118
14 136
14 107
14 155
14 111
14 122
15 128
15 120
15 138
15 115
15 125
15 100
15 166
15 139
15 164
15 135
15 98
15 163
15 104
15 160
15 127
15 152
15 117
15 140
15 113
16 119
16 162
16 88
16 123
16 121
16 89
16 121
16 135
16 110
16 141
16 90
16 119
16 168
16 103
16 171
16 156
16 131
16 95
16 165
17 130
17 154
17 101
17 147
17 87
17 136
17 156
17 159
17 99
17 107
17 150
17 108
17 139
17 139
17 146
17 135
17 93
17 154
17 134
18 87
18 98
18 110
18 90
18 142
18 131
18 166
18 108
18 94
18 91
18 154
18 105
18 142
18 111
18 139
18 144
18 162
18 168
18 104
19 111
19 144
19 107
19 137
19 94
19 144
19 122
19 138
19 162
19 92
19 92
19 116
19 100
19 139
19 147
19 98
19 164
19 159
19 116
20 165
20 160
20 131
20 166
20 146
20 102
20 137
20 96
20 124
20 157
20 117
20 121
20 137
20 114
20 155
20 121
20 110
20 107
20 152
21 162
21 101
21 138
21 125
21 139
21 91
21 161
21 166
21 89
21 93
21 111
21 97
21 124
21 113
21 151
21 108
21 89
21 132
21 137
22 146
22 105
22 104
22 140
22 125
22 171
22 137
22 121
22 160
22 137
22 106
22 92
22 97
22 134
22 107
22 157
22 117
22 141
22 104
23 147
23 121
23 100
23 98
23 169
23 132
23 142
23 154
23 129
23 89
23 122
23 118
23 117
23 130
23 132
23 138
23 89
23 142
23 122
24 128
24 122
24 97
24 170
24 164
24 111
24 92
24 156
24 109
24 116
24 118
24 134
24 93
24 104
24 122
24 87
24 148
24 94
24 89
25 116
25 104
25 172
25 98
25 137
25 126
25 172
25 131
25 171
25 150
25 131
25 140
25 136
25 109
25 155
25 144
25 130
25 150
25 161
26 117
26 138
26 145
26 135
26 111
26 145
26 126
26 153
26 88
26 135
26 129
26 142
26 171
26 88
26 149
26 113
26 146
26 100
26 120
27 95
27 156
27 111
27 112
27 122
27 146
27 90
27 109
27 117
27 121
27 161
27 104
27 162
27 159
27 118
27 130
27 148
27 109
27 162
28 160
28 106
28 157
28 138
28 130
28 132
28 157
28 131
28 117
28 156
28 172
28 173
28 152
28 149
28 166
28 155
28 152
28 127
28 109
29 101
29 99
29 128
29 156
29 169
29 89
29 148
29 92
29 88
29 124
29 94
29 161
29 132
29 162
29 103
29 101
29 114
29 156
29 99
30 115
30 162
30 145
30 112
30 143
30 95
30 105
30 114
30 156
30 156
30 145
30 103
30 158
30 151
30 137
30 165
30 160
30 122
30 137
31 168
31 143
31 172
31 115
31 91
31 160
31 103
31 149
31 164
31 115
31 111
31 120
31 124
31 155
31 157
31 165
31 134
31 113
31 147
32 111
32 146
32 136
32 125
32 123
32 145
32 140
32 120
32 132
32 113
32 154
32 122
32 173
32 115
32 158
32 145
32 170
32 104
32 96
33 165
33 141
33 108
33 138
33 169
33 151
33 112
33 123
33 170
33 137
33 154
33 162
33 102
33 103
33 103
33 171
33 94
33 125
33 88
34 151
34 145
34 99
34 145
34 148
34 168
34 119
34 158
34 132
34 109
34 143
34 146
34 141
34 104
34 171
34 93
34 104
34 170
34 142
35 89
35 115
35 116
35 99
35 140
35 122
35 89
35 89
35 93
35 162
35 136
35 170
35 167
35 158
35 130
35 150
35 122
35 98
35 106
36 141
36 91
36 154
36 164
36 100
36 123
36 120
36 119
36 136
36 93
36 125
36 147
36 112
36 157
36 137
36 98
36 148
36 150
36 114
37 105
37 108
37 121
37 116
37 145
37 171
37 128
37 105
37 112
37 154
37 141
37 134
37 115
37 125
37 124
37 140
37 124
37 104
37 95
38 91
38 162
38 146
38 112
38 118
38 137
38 160
38 90
38 156
38 163
38 135
38 155
38 118
38 164
38 124
38 109
38 138
38 93
38 91
39 142
39 106
39 106
39 99
39 155
39 114
39 120
39 124
39 134
39 100
39 166
39 169
39 95
39 103
39 142
39 102
39 160
39 113
39 105
40 102
40 150
40 135
40 173
40 128
40 93
40 153
40 119
40 146
40 102
40 151
40 143
40 136
40 94
40 166
40 166
40 117
40 166
40 155
41 143
41 115
41 153
41 127
41 143
41 118
41 110
41 146
41 113
41 107
41 134
41 170
41 140
41 159
41 114
41 134
41 88
41 156
41 136
42 172
42 153
42 165
42 92
42 108
42 109
42 96
42 87
42 141
42 173
42 107
42 92
42 123
42 111
42 105
42 88
42 139
42 143
42 161
43 123
43 127
43 171
43 108
43 169
43 141
43 152
43 87
43 152
43 121
43 97
43 129
43 135
43 99
43 102
43 152
43 95
43 146
43 107
44 165
44 148
44 144
44 89
44 134
44 169
44 170
44 96
44 101
44 156
44 167
44 103
44 152
44 142
44 137
44 145
44 119
44 166
44 144
45 110
45 104
45 138
45 119
45 91
45 160
45 168
45 160
45 89
45 129
45 113
45 109
45 169
45 169
45 130
45 145
45 154
45 169
45 110
46 121
46 122
46 102
46 171
46 95
46 143
46 145
46 129
46 151
46 130
46 154
46 110
46 168
46 153
46 87
46 105
46 122
46 122
46 122
47 147
47 139
47 100
47 165
47 138
47 152
47 93
47 163
47 123
47 109
47 100
47 146
47 91
47 139
47 89
47 150
47 99
47 112
47 141
48 160
48 161
48 171
48 159
48 145
48 90
48 170
48 158
48 132
48 126
48 95
48 105
48 136
48 121
48 107
48 87
48 150
48 138
48 113
49 155
49 163
49 130
49 158
49 102
49 88
49 170
49 145
49 133
49 160
49 96
49 166
49 143
49 97
49 119
49 131
49 134
49 96
49 101
50 112
50 154
50 166
50 157
50 91
50 171
50 107
50 161
50 170
50 140
50 155
50 150
50 132
50 141
50 100
50 93
50 108
50 172
50 147
51 98
51 159
51 114
51 105
51 102
51 90
51 136
51 115
51 124
51 167
51 132
51 128
51 112
51 109
51 162
51 168
51 114
51 161
51 173
52 114
52 171
52 125
52 164
52 137
52 157
52 172
52 137
52 100
52 92
52 89
52 94
52 138
52 157
52 94
52 166
52 91
52 126
52 168
53 139
53 95
53 120
53 105
53 112
53 144
53 168
53 107
53 98
53 156
53 158
53 154
53 111
53 163
53 143
53 143
53 119
53 160
53 118
54 92
54 140
54 114
54 94
54 125
54 95
54 137
54 152
54 145
54 122
54 142
54 113
54 122
54 171
54 87
54 98
54 94
54 168
54 102
55 88
55 126
55 94
55 106
55 149
55 140
55 92
55 102
55 90
55 150
55 93
55 160
55 145
55 132
55 169
55 137
55 165
55 150
55 109
56 100
56 111
56 109
56 123
56 152
56 94
56 134
56 90
56 152
56 154
56 108
56 91
56 135
56 152
56 147
56 124
56 87
56 131
56 170
57 138
57 140
57 157
57 165
57 140
57 120
57 113
57 162
57 116
57 151
57 94
57 105
57 125
57 95
57 157
57 148
57 95
57 97
57 173
58 163
58 123
58 102
58 149
58 126
58 166
58 142
58 129
58 90
58 169
58 113
58 142
58 126
58 138
58 129
58 91
58 172
58 97
58 96
59 172
59 135
59 134
59 148
59 131
59 132
59 91
59 91
59 148
59 157
59 128
59 137
59 127
59 112
59 97
59 170
59 104
59 120
59 112
60 115
60 167
60 128
60 95
60 160
60 165
60 87
60 135
60 113
60 118
60 109
60 134
60 88
60 89
60 87
60 90
60 138
60 153
60 131
61 159
61 129
61 141
61 172
61 115
61 151
61 171
61 146
61 152
61 129
61 130
61 148
61 141
61 104
61 122
61 132
61 129
61 140
61 105
62 90
62 95
62 132
62 89
62 136
62 148
62 87
62 168
62 145
62 114
62 98
62 109
62 153
62 116
62 93
62 106
62 159
62 154
62 159
63 157
63 158
63 118
63 145
63 120
63 167
63 129
63 151
63 128
63 107
63 151
63 130
63 164
63 96
63 166
63 118
63 146
63 152
63 94
64 135
64 107
64 116
64 125
64 89
64 106
64 133
64 112
64 118
64 94
64 105
64 160
64 142
64 168
64 123
64 128
64 110
64 152
64 169
65 139
65 98
65 158
65 117
65 153
65 124
65 120
65 100
65 155
65 162
65 96
65 113
65 91
65 164
65 172
65 95
65 109
65 111
65 172
66 151
66 128
66 133
66 96
66 122
66 136
66 131
66 141
66 149
66 113
66 154
66 158
66 144
66 131
66 120
66 146
66 122
66 88
66 87
67 97
67 90
67 103
67 161
67 160
67 112
67 165
67 170
67 151
67 163
67 149
67 146
67 100
67 169
67 166
67 165
67 119
67 126
67 117
68 133
68 134
68 140
68 99
68 106
68 135
68 162
68 115
68 127
68 146
68 157
68 134
68 101
68 161
68 154
68 154
68 136
68 131
68 139
69 162
69 128
69 164
69 102
69 100
69 114
69 165
69 108
69 162
69 133
69 93
69 164
69 129
69 114
69 94
69 169
69 115
69 137
69 156
70 111
70 116
70 151
70 153
70 126
70 142
70 169
70 115
70 116
70 105
70 172
70 106
70 134
70 168
70 143
70 99
70 134
70 147
70 124
71 171
71 169
71 88
71 88
71 87
71 158
71 163
71 153
71 119
71 173
71 126
71 107
71 91
71 153
71 146
71 149
71 142
71 154
71 124
72 157
72 160
72 167
72 165
72 117
72 151
72 131
72 94
72 136
72 145
72 125
72 165
72 150
72 134
72 109
72 89
72 159
72 149
72 137
73 115
73 140
73 149
73 129
73 124
73 127
73 154
73 109
73 131
73 102
73 156
73 125
73 115
73 114
73 142
73 87
73 160
73 163
73 132
74 106
74 172
74 151
74 135
74 153
74 98
74 170
74 91
74 142
74 164
74 163
74 103
74 166
74 160
74 156
74 161
74 120
74 130
74 139
75 111
75 117
75 171
75 148
75 123
75 120
75 165
75 91
75 166
75 161
75 98
75 106
75 103
75 142
75 134
75 112
75 104
75 90
75 155
76 111
76 148
76 161
76 125
76 129
76 158
76 139
76 113
76 133
76 115
76 121
76 163
76 116
76 102
76 121
76 124
76 137
76 108
76 106
77 172
77 142
77 95
77 133
77 113
77 151
77 134
77 133
77 95
77 156
77 119
77 95
77 99
77 97
77 87
77 127
77 103
77 130
77 108
78 114
78 156
78 135
78 131
78 98
78 117
78 171
78 135
78 157
78 149
78 106
78 100
78 168
78 91
78 111
78 88
78 126
78 141
78 133
79 122
79 125
79 87
79 120
79 131
79 113
79 160
79 107
79 172
79 87
79 94
79 163
79 129
79 90
79 103
79 140
79 172
79 112
79 102
80 141
80 149
80 129
80 142
80 129
80 139
80 119
80 114
80 99
80 157
80 155
80 140
80 115
80 137
80 113
80 138
80 104
80 106
80 113
81 144
81 137
81 148
81 124
81 129
81 117
81 164
81 141
81 106
81 126
81 111
81 123
81 132
81 136
81 91
81 170
81 94
81 145
81 114
82 144
82 103
82 165
82 159
82 127
82 170
82 122
82 140
82 151
82 112
82 156
82 132
82 136
82 139
82 137
82 170
82 141
82 156
82 114
83 162
83 135
83 112
83 91
83 98
83 163
83 119
83 119
83 95
83 96
83 122
83 170
83 116
83 109
83 136
83 143
83 112
83 165
83 166
84 161
84 166
84 132
84 126
84 170
84 93
84 101
84 166
84 146
84 135
84 109
84 140
84 139
84 123
84 136
84 108
84 88
84 169
84 91
85 130
85 116
85 140
85 110
85 130
85 153
85 172
85 118
85 90
85 136
85 90
85 140
85 160
85 89
85 102
85 132
85 167
85 111
85 157
86 160
86 156
86 144
86 167
86 147
86 161
86 121
86 159
86 142
86 164
86 149
86 115
86 113
86 129
86 104
86 120
86 103
86 169
86 115
87 107
87 100
87 157
87 118
87 148
87 106
87 144
87 167
87 99
87 90
87 113
87 110
87 135
87 104
87 121
87 116
87 157
87 149
87 144
