225
2128
1 119
1 173
1 154
1 205
1 120
1 122
1 144
1 211
1 122
1 182
1 209
1 135
1 190
1 163
1 186
1 183
1 114
1 201
1 172
2 113
2 223
2 119
2 222
2 126
2 161
2 203
2 192
2 120
2 116
2 156
2 140
2 157
2 167
2 180
2 171
2 204
2 160
2 140
3 194
3 123
3 188
3 223
3 151
3 139
3 145
3 112
3 147
3 195
3 210
3 216
3 118
3 202
3 190
3 167
3 162
3 129
3 165
4 140
4 181
4 124
4 136
4 127
4 166
4 208
4 156
4 172
4 155
4 200
4 202
4 202
4 213
4 178
4 183
4 185
4 153
4 134
5 219
5 219
5 219
5 215
5 192
5 201
5 217
5 114
5 169
5 198
5 193
5 163
5 188
5 176
5 192
5 151
5 174
5 130
5 184
6 172
6 153
6 151
6 173
6 117
6 204
6 186
6 125
6 154
6 175
6 217
6 154
6 140
6 194
6 135
6 197
6 133
6 209
6 208
7 168
7 190
7 198
7 199
7 191
7 218
7 139
7 204
7 148
7 160
7 138
7 153
7 135
7 182
7 147
7 123
7 166
7 120
7 201
8 158
8 126
8 136
8 153
8 161
8 142
8 192
8 216
8 153
8 197
8 115
8 136
8 114
8 184
8 129
8 119
8 159
8 209
8 121
9 133
9 146
9 214
9 169
9 159
9 168
9 165
9 176
9 189
9 156
9 202
9 133
9 164
9 139
9 189
9 161
9 184
9 199
9 139
10 199
10 194
10 133
10 143
10 211
10 170
10 178
10 140
10 160
10 146
10 146
10 169
10 132
10 126
10 217
10 170
10 214
10 211
10 114
11 200
11 112
11 219
11 124
11 124
11 175
11 162
11 213
11 221
11 119
11 145
11 159
11 195
11 196
11 197
11 207
11 119
11 139
11 122
12 132
12 121
12 222
12 137
12 196
12 205
12 159
12 123
12 210
12 148
12 140
12 121
12 204
12 146
12 152
12 194
12 209
12 113
12 123
13 120
13 112
13 178
13 207
13 135
13 187
13 139
13 219
13 195
13 138
13 113
13 221
13 125
13 140
13 195
13 208
13 161
13 185
13 208
14 190
14 143
14 163
14 215
14 158
14 212
14 138
14 185
14 174
14 213
14 158
14 157
14 140
14 168
14 127
14 160
14 174
14 159
14 193
15 118
15 194
15 145
15 204
15 210
15 207
15 182
15 159
15 173
15 170
15 158
15 164
15 198
15 117
15 127
15 143
15 215
15 177
15 122
16 176
16 160
16 181
16 153
16 152
16 211
16 215
16 215
16 216
16 219
16 214
16 155
16 132
16 201
16 170
16 147
16 119
16 140
16 116
17 169
17 176
17 220
17 175
17 116
17 218
17 212
17 152
17 190
17 154
17 218
17 137
17 205
17 113
17 124
17 208
17 193
17 113
17 136
18 175
18 185
18 221
18 183
18 173
18 194
18 121
18 216
18 202
18 140
18 112
18 213
18 207
18 171
18 116
18 180
18 164
18 199
18 175
19 204
19 155
19 128
19 169
19 210
19 121
19 211
19 131
19 207
19 149
19 209
19 159
19 127
19 121
19 114
19 147
19 169
19 150
19 213
20 146
20 150
20 180
20 162
20 138
20 112
20 182
20 159
20 221
20 152
20 204
20 187
20 167
20 116
20 178
20 186
20 206
20 179
20 198
21 222
21 136
21 174
21 183
21 126
21 118
21 222
21 184
21 214
21 205
21 196
21 148
21 122
21 165
21 184
21 172
21 184
21 203
21 129
22 172
22 217
22 193
22 189
22 219
22 132
22 181
22 175
22 209
22 176
22 175
22 179
22 195
22 147
22 180
22 142
22 185
22 219
22 120
23 134
23 113
23 200
23 160
23 139
23 141
23 213
23 214
23 146
23 119
23 145
23 133
23 188
23 132
23 174
23 147
23 135
23 150
23 181
24 175
24 129
24 140
24 116
24 208
24 116
24 196
24 118
24 221
24 194
24 161
24 221
24 171
24 222
24 120
24 190
24 129
24 148
24 147
25 201
25 183
25 215
25 184
25 131
25 125
25 166
25 132
25 130
25 184
25 121
25 113
25 212
25 151
25 158
25 135
25 204
25 180
25 186
26 191
26 139
26 213
26 190
26 194
26 151
26 210
26 200
26 128
26 186
26 114
26 115
26 140
26 186
26 206
26 124
26 212
26 176
26 199
27 193
27 143
27 151
27 147
27 152
27 127
27 147
27 178
27 122
27 214
27 156
27 174
27 155
27 165
27 150
27 209
27 150
27 144
27 141
28 130
28 217
28 221
28 114
28 199
28 218
28 187
28 157
28 174
28 197
28 159
28 173
28 166
28 147
28 137
28 132
28 184
28 216
28 165
29 216
29 163
29 137
29 142
29 135
29 181
29 216
29 125
29 170
29 197
29 222
29 191
29 132
29 157
29 212
29 180
29 168
29 198
29 190
30 179
30 181
30 187
30 165
30 220
30 143
30 143
30 159
30 214
30 154
30 155
30 172
30 214
30 149
30 128
30 144
30 177
30 209
30 138
31 200
31 200
31 125
31 181
31 155
31 147
31 144
31 201
31 159
31 217
31 177
31 113
31 164
31 122
31 166
31 186
31 193
31 207
31 184
32 119
32 201
32 122
32 127
32 161
32 185
32 135
32 223
32 187
32 146
32 196
32 223
32 195
32 205
32 157
32 129
32 165
32 192
32 127
33 163
33 217
33 187
33 127
33 177
33 157
33 127
33 147
33 213
33 126
33 140
33 173
33 141
33 127
33 165
33 201
33 198
33 188
33 211
34 156
34 170
34 201
34 178
34 139
34 212
34 211
34 156
34 206
34 156
34 168
34 208
34 201
34 131
34 114
34 175
34 202
34 156
34 126
35 211
35 210
35 117
35 203
35 220
35 154
35 210
35 222
35 216
35 183
35 180
35 195
35 221
35 167
35 202
35 141
35 166
35 203
35 164
36 206
36 185
36 175
36 192
36 131
36 209
36 148
36 116
36 183
36 173
36 191
36 166
36 120
36 116
36 155
36 139
36 182
36 115
36 169
37 154
37 119
37 148
37 136
37 140
37 151
37 220
37 143
37 131
37 221
37 162
37 182
37 148
37 121
37 167
37 213
37 194
37 154
37 150
38 148
38 169
38 124
38 138
38 146
38 179
38 206
38 214
38 194
38 122
38 129
38 149
38 191
38 203
38 205
38 143
38 144
38 179
38 206
39 132
39 134
39 201
39 155
39 136
39 130
39 168
39 215
39 203
39 195
39 151
39 160
39 164
39 205
39 150
39 213
39 153
39 214
39 215
40 165
40 222
40 203
40 215
40 210
40 135
40 191
40 152
40 133
40 124
40 115
40 204
40 203
40 136
40 160
40 128
40 172
40 221
40 129
41 210
41 140
41 201
41 126
41 129
41 155
41 125
41 196
41 208
41 135
41 207
41 112
41 198
41 161
41 142
41 218
41 213
41 189
41 125
42 158
42 132
42 163
42 127
42 117
42 155
42 130
42 205
42 146
42 155
42 132
42 150
42 217
42 136
42 157
42 164
42 186
42 133
42 157
43 167
43 219
43 138
43 133
43 176
43 163
43 179
43 134
43 172
43 147
43 200
43 148
43 219
43 143
43 165
43 218
43 220
43 170
43 165
44 184
44 183
44 128
44 176
44 183
44 150
44 188
44 142
44 140
44 129
44 122
44 134
44 187
44 116
44 119
44 136
44 115
44 207
44 132
45 132
45 135
45 219
45 170
45 117
45 125
45 116
45 135
45 157
45 223
45 199
45 118
45 173
45 112
45 185
45 157
45 209
45 184
45 113
46 208
46 119
46 176
46 147
46 178
46 202
46 169
46 154
46 188
46 207
46 198
46 161
46 134
46 171
46 202
46 191
46 163
46 207
46 124
47 221
47 153
47 193
47 135
47 196
47 173
47 168
47 190
47 200
47 157
47 196
47 188
47 123
47 199
47 135
47 138
47 159
47 120
47 212
48 218
48 204
48 174
48 179
48 160
48 170
48 222
48 157
48 113
48 204
48 146
48 122
48 163
48 185
48 154
48 197
48 148
48 168
48 163
49 217
49 198
49 199
49 166
49 123
49 215
49 136
49 199
49 115
49 127
49 137
49 125
49 184
49 179
49 206
49 113
49 150
49 215
49 157
50 128
50 127
50 129
50 182
50 155
50 139
50 184
50 205
50 206
50 189
50 138
50 118
50 157
50 197
50 221
50 219
50 169
50 187
50 189
51 157
51 178
51 206
51 148
51 117
51 199
51 185
51 216
51 197
51 186
51 190
51 127
51 112
51 175
51 147
51 125
51 210
51 114
51 134
52 126
52 173
52 183
52 173
52 175
52 210
52 141
52 142
52 118
52 216
52 156
52 200
52 146
52 172
52 222
52 141
52 141
52 166
52 154
53 172
53 141
53 131
53 123
53 191
53 218
53 212
53 175
53 174
53 187
53 178
53 155
53 174
53 137
53 141
53 172
53 153
53 181
53 144
54 216
54 203
54 197
54 114
54 179
54 118
54 217
54 187
54 206
54 195
54 172
54 208
54 121
54 118
54 182
54 174
54 217
54 156
54 174
55 112
55 133
55 132
55 141
55 188
55 218
55 135
55 126
55 176
55 191
55 165
55 193
55 196
55 195
55 173
55 127
55 124
55 177
55 217
56 167
56 221
56 181
56 116
56 151
56 153
56 121
56 121
56 118
56 153
56 153
56 169
56 206
56 150
56 149
56 216
56 168
56 147
56 132
57 197
57 112
57 219
57 164
57 117
57 135
57 194
57 144
57 170
57 166
57 123
57 123
57 197
57 208
57 166
57 201
57 149
57 145
57 147
58 221
58 202
58 115
58 184
58 173
58 155
58 159
58 186
58 178
58 192
58 144
58 139
58 155
58 221
58 163
58 129
58 176
58 140
58 218
59 207
59 196
59 150
59 112
59 210
59 148
59 173
59 120
59 186
59 221
59 217
59 222
59 147
59 138
59 173
59 207
59 143
59 186
59 197
60 180
60 129
60 176
60 175
60 216
60 201
60 180
60 115
60 187
60 215
60 167
60 192
60 144
60 158
60 196
60 116
60 129
60 118
60 145
61 135
61 130
61 206
61 149
61 197
61 163
61 220
61 164
61 118
61 222
61 178
61 149
61 204
61 145
61 127
61 148
61 200
61 166
61 127
62 132
62 170
62 125
62 129
62 140
62 131
62 203
62 195
62 210
62 136
62 139
62 123
62 134
62 181
62 179
62 116
62 181
62 156
62 130
63 147
63 221
63 201
63 166
63 166
63 112
63 179
63 218
63 152
63 194
63 113
63 204
63 131
63 189
63 150
63 188
63 162
63 212
63 202
64 144
64 162
64 180
64 119
64 132
64 181
64 182
64 173
64 175
64 210
64 209
64 194
64 178
64 220
64 140
64 202
64 201
64 157
64 145
65 126
65 164
65 143
65 157
65 172
65 127
65 215
65 196
65 123
65 124
65 223
65 194
65 137
65 195
65 207
65 188
65 132
65 144
65 135
66 181
66 161
66 202
66 123
66 172
66 140
66 132
66 170
66 115
66 124
66 220
66 221
66 122
66 194
66 129
66 137
66 186
66 142
66 210
67 177
67 158
67 174
67 194
67 220
67 219
67 213
67 183
67 190
67 176
67 195
67 193
67 117
67 184
67 198
67 184
67 147
67 188
67 221
68 126
68 162
68 150
68 149
68 163
68 137
68 129
68 114
68 120
68 202
68 172
68 140
68 187
68 148
68 141
68 163
68 209
68 156
68 162
69 176
69 209
69 212
69 146
69 169
69 173
69 149
69 147
69 144
69 156
69 206
69 180
69 122
69 131
69 184
69 186
69 215
69 210
69 165
70 153
70 211
70 170
70 133
70 136
70 152
70 172
70 213
70 199
70 205
70 189
70 132
70 188
70 159
70 213
70 131
70 184
70 202
70 119
71 121
71 153
71 115
71 219
71 192
71 136
71 182
71 199
71 223
71 147
71 136
71 188
71 149
71 133
71 152
71 141
71 175
71 129
71 183
72 218
72 198
72 126
72 160
72 122
72 200
72 204
72 117
72 119
72 145
72 165
72 136
72 211
72 198
72 126
72 195
72 121
72 173
72 220
73 213
73 223
73 188
73 116
73 218
73 151
73 173
73 171
73 133
73 164
73 171
73 156
73 172
73 121
73 125
73 200
73 113
73 125
73 187
74 135
74 216
74 203
74 145
74 220
74 121
74 214
74 159
74 167
74 116
74 138
74 186
74 213
74 172
74 221
74 211
74 178
74 194
74 133
75 146
75 126
75 159
75 179
75 159
75 172
75 205
75 140
75 172
75 215
75 163
75 185
75 210
75 144
75 139
75 180
75 199
75 211
75 145
76 163
76 169
76 216
76 154
76 145
76 186
76 117
76 158
76 135
76 135
76 176
76 212
76 138
76 183
76 113
76 201
76 222
76 205
76 214
77 189
77 169
77 217
77 161
77 186
77 210
77 161
77 220
77 177
77 152
77 167
77 125
77 195
77 206
77 136
77 212
77 201
77 132
77 145
78 145
78 208
78 113
78 205
78 146
78 196
78 188
78 127
78 186
78 120
78 154
78 137
78 158
78 160
78 114
78 119
78 201
78 187
78 189
79 171
79 159
79 112
79 121
79 214
79 206
79 179
79 124
79 127
79 144
79 132
79 133
79 211
79 157
79 117
79 222
79 185
79 174
79 118
80 189
80 160
80 140
80 175
80 186
80 184
80 135
80 169
80 140
80 186
80 162
80 185
80 156
80 197
80 140
80 218
80 139
80 118
80 169
81 214
81 143
81 115
81 159
81 209
81 216
81 212
81 157
81 178
81 193
81 222
81 117
81 206
81 147
81 174
81 187
81 130
81 179
81 190
82 133
82 173
82 187
82 199
82 178
82 185
82 213
82 211
82 119
82 116
82 180
82 125
82 164
82 223
82 157
82 120
82 150
82 194
82 115
83 120
83 197
83 121
83 209
83 161
83 173
83 208
83 175
83 171
83 187
83 166
83 152
83 143
83 157
83 113
83 130
83 112
83 220
83 126
84 156
84 184
84 149
84 147
84 118
84 126
84 146
84 163
84 170
84 209
84 184
84 124
84 200
84 164
84 186
84 177
84 175
84 118
84 218
85 207
85 152
85 140
85 127
85 223
85 220
85 206
85 211
85 183
85 198
85 155
85 147
85 204
85 131
85 153
85 186
85 217
85 198
85 157
86 183
86 165
86 216
86 115
86 218
86 195
86 125
86 203
86 222
86 123
86 193
86 144
86 144
86 177
86 193
86 150
86 205
86 223
86 166
87 159
87 186
87 212
87 171
87 155
87 189
87 152
87 208
87 154
87 185
87 171
87 120
87 174
87 119
87 217
87 189
87 210
87 127
87 156
88 212
88 145
88 150
88 190
88 218
88 180
88 129
88 216
88 125
88 156
88 168
88 140
88 215
88 152
88 214
88 220
88 181
88 131
88 141
89 182
89 119
89 126
89 198
89 204
89 160
89 214
89 166
89 148
89 220
89 129
89 124
89 217
89 209
89 170
89 135
89 155
89 222
89 134
90 212
90 186
90 145
90 114
90 180
90 154
90 117
90 219
90 172
90 115
90 216
90 218
90 215
90 120
90 138
90 170
90 166
90 130
90 209
91 199
91 136
91 137
91 138
91 213
91 164
91 190
91 122
91 186
91 211
91 216
91 114
91 217
91 155
91 153
91 209
91 124
91 165
91 156
92 115
92 221
92 144
92 141
92 167
92 113
92 159
92 196
92 143
92 113
92 189
92 128
92 128
92 183
92 193
92 141
92 154
92 177
92 156
93 193
93 193
93 213
93 207
93 152
93 185
93 162
93 138
93 218
93 160
93 158
93 175
93 214
93 182
93 145
93 181
93 206
93 120
93 157
94 185
94 206
94 121
94 217
94 142
94 202
94 129
94 121
94 149
94 163
94 160
94 123
94 136
94 165
94 187
94 144
94 128
94 144
94 135
95 212
95 182
95 145
95 196
95 140
95 150
95 141
95 144
95 188
95 160
95 153
95 141
95 179
95 201
95 217
95 140
95 115
95 126
95 147
96 216
96 176
96 168
96 207
96 176
96 149
96 219
96 158
96 220
96 157
96 152
96 163
96 161
96 149
96 179
96 146
96 191
96 187
96 175
97 212
97 119
97 130
97 164
97 148
97 138
97 134
97 211
97 169
97 221
97 214
97 176
97 112
97 185
97 115
97 142
97 150
97 222
97 131
98 121
98 143
98 120
98 130
98 189
98 214
98 186
98 134
98 132
98 193
98 214
98 158
98 124
98 159
98 142
98 134
98 182
98 209
98 133
99 185
99 219
99 211
99 223
99 132
99 185
99 134
99 151
99 195
99 155
99 155
99 223
99 186
99 183
99 221
99 130
99 178
99 161
99 220
100 150
100 222
100 189
100 146
100 141
100 169
100 194
100 163
100 218
100 190
100 202
100 198
100 192
100 194
100 117
100 154
100 134
100 114
100 173
101 119
101 199
101 197
101 164
101 115
101 214
101 222
101 217
101 221
101 207
101 177
101 154
101 185
101 137
101 159
101 195
101 184
101 119
101 192
102 165
102 164
102 190
102 123
102 162
102 181
102 144
102 117
102 197
102 163
102 151
102 196
102 142
102 216
102 221
102 174
102 203
102 177
102 184
103 179
103 146
103 209
103 211
103 147
103 218
103 210
103 215
103 158
103 122
103 217
103 202
103 199
103 169
103 132
103 142
103 148
103 197
103 131
104 153
104 196
104 207
104 129
104 164
104 173
104 163
104 141
104 125
104 129
104 197
104 137
104 216
104 188
104 119
104 126
104 130
104 205
104 215
105 122
105 165
105 174
105 181
105 119
105 136
105 194
105 131
105 121
105 174
105 203
105 165
105 196
105 127
105 165
105 135
105 216
105 115
105 178
106 142
106 154
106 186
106 130
106 134
106 144
106 137
106 126
106 139
106 200
106 176
106 193
106 148
106 166
106 167
106 197
106 121
106 216
106 165
107 150
107 165
107 119
107 211
107 116
107 118
107 204
107 133
107 186
107 161
107 125
107 200
107 134
107 147
107 115
107 186
107 117
107 179
107 201
108 130
108 188
108 211
108 115
108 128
108 133
108 196
108 152
108 143
108 196
108 121
108 142
108 183
108 213
108 196
108 161
108 175
108 165
108 205
109 159
109 112
109 121
109 162
109 179
109 133
109 222
109 135
109 156
109 175
109 190
109 222
109 185
109 180
109 204
109 162
109 147
109 119
109 204
110 173
110 135
110 115
110 114
110 170
110 158
110 209
110 149
110 117
110 219
110 169
110 112
110 158
110 193
110 132
110 165
110 220
110 207
110 192
111 222
111 126
111 168
111 157
111 193
111 172
111 195
111 149
111 159
111 141
111 172
111 121
111 186
111 178
111 165
111 118
111 193
111 175
111 157
112 166
112 137
112 186
112 122
112 194
112 137
112 140
112 118
112 213
112 146
112 180
112 148
112 172
112 201
112 155
112 189
112 122
112 195
112 194
