100
950
1 78
1 63
1 67
1 89
1 75
1 57
1 79
1 67
1 60
1 79
1 67
1 57
1 90
1 72
1 99
1 93
1 97
1 75
1 64
2 96
2 69
2 68
2 84
2 93
2 72
2 89
2 71
2 72
2 64
2 54
2 82
2 70
2 87
2 51
2 59
2 58
2 59
2 94
3 51
3 99
3 91
3 59
3 72
3 63
3 90
3 70
3 88
3 95
3 90
3 62
3 63
3 61
3 72
3 61
3 56
3 75
3 62
4 67
4 74
4 95
4 99
4 81
4 79
4 69
4 90
4 97
4 58
4 87
4 59
4 92
4 83
4 69
4 65
4 76
4 51
4 73
5 84
5 66
5 52
5 82
5 99
5 85
5 82
5 67
5 50
5 61
5 76
5 50
5 60
5 91
5 57
5 74
5 74
5 53
5 82
6 51
6 68
6 75
6 89
6 84
6 63
6 95
6 81
6 71
6 73
6 79
6 93
6 66
6 65
6 71
6 51
6 51
6 62
6 60
7 76
7 88
7 94
7 55
7 98
7 90
7 50
7 69
7 80
7 58
7 53
7 71
7 70
7 82
7 85
7 83
7 60
7 61
7 70
8 77
8 65
8 94
8 56
8 75
8 89
8 70
8 56
8 65
8 58
8 60
8 67
8 89
8 91
8 66
8 62
8 68
8 58
8 55
9 59
9 53
9 82
9 74
9 96
9 90
9 59
9 91
9 59
9 73
9 68
9 75
9 58
9 79
9 81
9 97
9 78
9 78
9 94
10 74
10 97
10 92
10 67
10 52
10 54
10 80
10 95
10 85
10 81
10 93
10 61
10 87
10 69
10 81
10 53
10 76
10 68
10 58
11 68
11 78
11 79
11 81
11 72
11 85
11 97
11 66
11 82
11 60
11 81
11 52
11 98
11 61
11 86
11 85
11 68
11 84
11 92
12 81
12 67
12 89
12 88
12 76
12 57
12 73
12 92
12 91
12 73
12 53
12 69
12 94
12 88
12 85
12 97
12 89
12 99
12 74
13 68
13 89
13 86
13 87
13 81
13 81
13 50
13 71
13 82
13 59
13 95
13 98
13 55
13 64
13 51
13 53
13 70
13 54
13 86
14 54
14 90
14 61
14 70
14 69
14 75
14 80
14 56
14 55
14 65
14 50
14 68
14 95
14 74
14 99
14 73
14 97
14 56
14 55
15 78
15 86
15 57
15 61
15 54
15 58
15 55
15 89
15 76
15 55
15 73
15 78
15 86
15 54
15 90
15 63
15 73
15 58
15 94
16 53
16 77
16 74
16 52
16 81
16 81
16 60
16 55
16 91
16 63
16 80
16 71
16 56
16 80
16 75
16 73
16 52
16 93
16 56
17 65
17 75
17 67
17 58
17 60
17 99
17 51
17 99
17 72
17 75
17 68
17 85
17 52
17 61
17 75
17 88
17 80
17 54
17 99
18 81
18 50
18 96
18 62
18 59
18 52
18 72
18 56
18 75
18 66
18 54
18 77
18 65
18 79
18 70
18 93
18 91
18 50
18 95
19 53
19 56
19 84
19 83
19 88
19 99
19 95
19 53
19 73
19 91
19 71
19 92
19 83
19 90
19 64
19 84
19 50
19 84
19 85
20 69
20 90
20 82
20 56
20 92
20 50
20 92
20 87
20 95
20 95
20 84
20 95
20 53
20 79
20 73
20 83
20 87
20 90
20 69
21 91
21 56
21 61
21 67
21 56
21 95
21 52
21 50
21 74
21 81
21 52
21 97
21 67
21 81
21 55
21 80
21 53
21 90
21 92
22 77
22 80
22 68
22 57
22 50
22 50
22 83
22 69
22 70
22 57
22 71
22 79
22 55
22 78
22 75
22 91
22 80
22 77
22 82
23 83
23 68
23 51
23 56
23 64
23 97
23 51
23 61
23 53
23 78
23 94
23 55
23 79
23 94
23 62
23 82
23 66
23 87
23 68
24 54
24 59
24 99
24 74
24 52
24 83
24 65
24 60
24 71
24 57
24 64
24 68
24 97
24 58
24 83
24 53
24 99
24 98
24 50
25 53
25 88
25 67
25 73
25 90
25 90
25 69
25 61
25 95
25 75
25 77
25 67
25 97
25 67
25 57
25 52
25 59
25 56
25 99
26 97
26 79
26 77
26 54
26 86
26 75
26 63
26 62
26 61
26 54
26 83
26 79
26 95
26 92
26 70
26 74
26 78
26 63
26 83
27 67
27 81
27 66
27 95
27 60
27 84
27 96
27 67
27 91
27 75
27 90
27 76
27 92
27 57
27 53
27 86
27 78
27 55
27 63
28 56
28 78
28 68
28 89
28 58
28 74
28 89
28 89
28 58
28 92
28 99
28 98
28 83
28 83
28 57
28 59
28 60
28 50
28 56
29 58
29 73
29 52
29 92
29 89
29 92
29 95
29 75
29 89
29 71
29 96
29 62
29 84
29 68
29 73
29 92
29 79
29 55
29 59
30 52
30 57
30 86
30 60
30 94
30 63
30 88
30 97
30 89
30 76
30 73
30 87
30 85
30 97
30 97
30 80
30 81
30 71
30 95
31 75
31 96
31 95
31 85
31 55
31 58
31 68
31 53
31 96
31 97
31 69
31 80
31 81
31 92
31 98
31 68
31 87
31 93
31 97
32 60
32 57
32 73
32 52
32 62
32 95
32 54
32 50
32 53
32 55
32 64
32 84
32 95
32 75
32 60
32 89
32 53
32 72
32 86
33 62
33 59
33 58
33 83
33 60
33 50
33 52
33 99
33 82
33 53
33 98
33 52
33 53
33 76
33 75
33 66
33 55
33 90
33 61
34 52
34 84
34 88
34 99
34 97
34 74
34 57
34 62
34 66
34 94
34 64
34 62
34 74
34 66
34 78
34 71
34 67
34 92
34 64
35 78
35 52
35 55
35 71
35 84
35 71
35 99
35 53
35 77
35 75
35 57
35 91
35 60
35 71
35 71
35 76
35 60
35 64
35 71
36 72
36 92
36 65
36 85
36 80
36 85
36 87
36 62
36 62
36 84
36 73
36 72
36 95
36 96
36 52
36 55
36 95
36 54
36 95
37 70
37 72
37 76
37 78
37 77
37 61
37 66
37 51
37 70
37 55
37 68
37 92
37 62
37 74
37 56
37 97
37 70
37 88
37 92
38 55
38 63
38 73
38 60
38 98
38 64
38 58
38 72
38 71
38 55
38 77
38 57
38 62
38 81
38 86
38 66
38 61
38 85
38 91
39 57
39 70
39 76
39 74
39 68
39 97
39 85
39 87
39 75
39 55
39 72
39 66
39 79
39 98
39 97
39 69
39 54
39 87
39 55
40 50
40 55
40 63
40 58
40 93
40 75
40 63
40 89
40 76
40 89
40 86
40 93
40 57
40 71
40 94
40 84
40 61
40 84
40 67
41 50
41 79
41 69
41 87
41 50
41 59
41 62
41 75
41 88
41 72
41 95
41 68
41 58
41 52
41 68
41 64
41 62
41 91
41 67
42 77
42 67
42 61
42 65
42 80
42 53
42 74
42 59
42 89
42 94
42 75
42 52
42 75
42 98
42 72
42 95
42 85
42 59
42 83
43 86
43 90
43 53
43 76
43 53
43 72
43 61
43 99
43 84
43 77
43 91
43 79
43 60
43 78
43 81
43 70
43 94
43 62
43 86
44 98
44 98
44 68
44 59
44 76
44 79
44 66
44 63
44 50
44 97
44 53
44 64
44 71
44 61
44 62
44 96
44 72
44 71
44 96
45 86
45 84
45 90
45 67
45 95
45 55
45 60
45 64
45 69
45 88
45 85
45 76
45 78
45 59
45 62
45 56
45 70
45 68
45 92
46 88
46 54
46 65
46 71
46 57
46 87
46 89
46 92
46 60
46 81
46 72
46 80
46 50
46 95
46 64
46 90
46 88
46 54
46 57
47 96
47 52
47 82
47 78
47 88
47 56
47 51
47 52
47 67
47 93
47 69
47 66
47 79
47 97
47 57
47 52
47 62
47 75
47 56
48 89
48 80
48 51
48 86
48 55
48 67
48 56
48 84
48 88
48 53
48 60
48 59
48 78
48 88
48 57
48 81
48 51
48 67
48 83
49 92
49 71
49 52
49 71
49 57
49 96
49 61
49 85
49 80
49 86
49 53
49 64
49 88
49 88
49 63
49 96
49 98
49 55
49 89
50 75
50 95
50 68
50 85
50 86
50 94
50 56
50 99
50 88
50 81
50 69
50 76
50 87
50 81
50 83
50 99
50 82
50 86
50 98
